25000 0.00016431794848426051203
25001 1.9286755297720503677e-05
25002 1.2688007186234528945e-05
25003 2.9832712529653804268e-05
25004 0.00020494609789656337284
25005 2.7819349544433435995e-05
25006 1.3075799667916498947e-05
25007 1.6456396676467477391e-05
25008 9.1098027626745903262e-05
25009 7.6559209106541459278e-05
25010 5.2924215796057438865e-05
25011 7.2794888844818217422e-05
25012 0.00011322138487290800413
25013 5.4724672209349733976e-05
25014 0.00016527991230574912151
25015 0.00036576280793187976315
25016 0.00012426727593428665841
25017 0.00025046311387466602127
25018 0.0001330623296524890975
25019 3.8603388750502176663e-05
25020 4.5644523671839465351e-05
25021 3.3957932748407415602e-05
25022 0.00034368269237372572888
25023 9.7113423175088087191e-05
25024 2.8940126370002872136e-05
25025 5.0732179539103583465e-05
25026 0.00030712240830776948997
25027 0.0001443446727709130073
25028 3.313679812944059222e-05
25029 1.502528110908230019e-05
25030 9.5252849394711347486e-06
25031 7.7806984037920301489e-06
25032 9.829943632411186627e-06
25033 5.8308346288171719607e-05
25034 2.3133131708874543619e-05
25035 8.1507113698364719312e-06
25036 1.10008230835845211e-05
25037 8.9287652325964472766e-05
25038 1.2255216104151145373e-05
25039 8.8009660101917575048e-06
25040 1.1514839808768329021e-05
25041 2.3456815665845454077e-05
25042 0.00010356887949658499792
25043 0.00035622559989167967842
25044 0.00023906133001094787005
25045 3.2474418952155303941e-05
25046 2.0070224550305937328e-05
25047 9.1074852149208851415e-05
25048 2.1451607585820653412e-05
25049 4.2013259143214298774e-05
25050 0.00023482328349366810016
25051 0.00014223544331048998401
25052 2.375433855572595121e-05
25053 2.3392155306112272228e-05
25054 0.00015514411751205159362
25055 4.8830603628591262577e-05
25056 1.4807296180974205413e-05
25057 1.1505167510694747079e-05
25058 1.4998123477827363104e-05
25059 5.1424530785659783305e-05
25060 4.7758097817762745763e-05
25061 4.879985942896070128e-05
25062 0.00016404617875043214781
25063 0.00072659547897035992037
25064 0.00012450120602647274382
25065 3.6420762902444892006e-05
25066 1.9092259150532697731e-05
25067 1.3871121697039967557e-05
25068 1.4050642086260722863e-05
25069 2.381774208792819536e-05
25070 0.00011863754931562553452
25071 0.0001769063768373158041
25072 2.6805695057863232478e-05
25073 1.4567674364140970056e-05
25074 3.3254094739643136336e-05
25075 2.1249061159078763694e-05
25076 7.1537211465688699263e-05
25077 0.00034431692262248958514
25078 3.5296947169527470578e-05
25079 1.7587686418352177498e-05
25080 3.131358724051125364e-05
25081 1.7802412487277763375e-05
25082 1.2628672734216195295e-05
25083 4.8395816552471160321e-05
25084 0.00010390418511807553159
25085 6.2230146432362687392e-05
25086 1.1888662874603994624e-05
25087 9.743764890934869527e-06
25088 2.696802798052289063e-05
25089 4.0345240590156095095e-05
25090 1.4798063123322435786e-05
25091 4.431560676909640506e-05
25092 0.00017422112658138644292
25093 4.5731002276117038718e-05
25094 0.00014355691113809854187
25095 0.00024407478114207847852
25096 9.3182611685893590447e-05
25097 6.4216001291139690466e-05
25098 0.00014513639747182338624
25099 3.1014231884007870121e-05
25100 1.0322415347818747478e-05
25101 6.3791622952891202658e-06
25102 5.1692899916133683291e-06
25103 5.0622971063951638371e-06
25104 6.0905665635324623963e-06
25105 9.1341467551853128271e-06
25106 1.8926515626294104777e-05
25107 7.1504156821555753254e-05
25108 0.0001775552761364984633
25109 3.32279513544087024e-05
25110 1.3226104250474435275e-05
25111 9.2587940274668767415e-06
25112 1.3685975665200800222e-05
25113 0.00011220090753161215957
25114 6.0459461288075999619e-05
25115 1.7259553194648447061e-05
25116 7.7708741277771054001e-05
25117 4.2453767166605871353e-05
25118 3.694260406517102524e-05
25119 2.1267386727696901971e-05
25120 0.00015488957519327328782
25121 5.4220737235155525013e-05
25122 2.4552267488431311904e-05
25123 1.1797760767873199939e-05
25124 4.9454042615248994252e-05
25125 4.7661875175464274434e-05
25126 1.0644826447414601489e-05
25127 1.5024294045318242752e-05
25128 0.00011929079431283184931
25129 4.9576166312625957744e-05
25130 5.8043247896044647405e-05
25131 0.00017583089992001532664
25132 0.00023416483154070633077
25133 7.7555859905320545522e-05
25134 1.8893160828259425443e-05
25135 3.0642745774578372675e-05
25136 1.4050732991321979171e-05
25137 6.3470054585401669556e-06
25138 5.657621578336602397e-06
25139 7.1424626209015684708e-06
25140 2.0636128794881969384e-05
25141 3.1319457735712319391e-05
25142 2.4055322660920808175e-05
25143 0.00013262155606863501589
25144 2.9251530340168585553e-05
25145 2.4265492411856826038e-05
25146 0.0002115854761353119784
25147 0.00014320464520167774936
25148 8.3545293926068353585e-05
25149 5.4584446338434844392e-05
25150 5.5713789907763100473e-05
25151 2.109045470044534909e-05
25152 4.4294279435863614935e-05
25153 4.1920124159489091653e-05
25154 8.7743359409087062772e-05
25155 0.00012548981284266069736
25156 0.00024004800328825126599
25157 0.0010307952265018460736
25158 0.00031654500630295956398
25159 0.000105212430043799543
25160 0.00010610759302931427328
25161 0.00017601045034609796858
25162 0.00049799261115701654035
25163 0.0001167077744277378315
25164 7.0067625411951439673e-05
25165 0.00029674708225968515762
25166 0.00026483965985235613516
25167 9.2747545533677921981e-05
25168 4.7979650237728321827e-05
25169 7.5900991679755946961e-05
25170 0.00028603723931874824871
25171 0.00078374145287440910579
25172 0.00095221127051869913771
25173 0.00023865802986433592991
25174 0.00070452171552259912346
25175 0.00017482271278757011146
25176 4.4752527581959355985e-05
25177 2.5706693842941774619e-05
25178 2.2681392725765192608e-05
25179 4.4747638778819265326e-05
25180 0.00026553411885688049665
25181 3.3658927812485472941e-05
25182 3.2336792317178009171e-05
25183 7.520803278993071217e-05
25184 0.000128651018994396793
25185 0.00019674099808186795713
25186 0.00026834790397778363058
25187 3.1109055824707354532e-05
25188 1.3117799679829289516e-05
25189 9.4875005638428433485e-06
25190 9.7073035689732023457e-06
25191 1.7896979657372469319e-05
25192 5.126291730217502618e-05
25193 5.2000509546346052048e-05
25194 9.0304501715099405601e-05
25195 5.7269241432678086312e-05
25196 0.00033179418500184354457
25197 0.00010078235937349688811
25198 2.4050189315172332272e-05
25199 8.553488874518677676e-06
25200 5.3241418500604709152e-06
25201 4.1029393056390972561e-06
25202 3.6842061543751469799e-06
25203 3.7756701027902295209e-06
25204 4.7182808891044203392e-06
25205 1.0409786407983290246e-05
25206 2.9741731927046544115e-05
25207 4.6087263020577751149e-05
25208 4.0140689986145616786e-05
25209 1.2195694388594802149e-05
25210 1.6290777417271584682e-05
25211 4.6395445327362949683e-05
25212 0.00051866241465869933336
25213 0.0001487860681361752313
25214 0.0001400492811345355193
25215 8.104426118649143973e-05
25216 0.00011091764699688866358
25217 3.0217936259457900405e-05
25218 6.3055661149391539766e-05
25219 0.00039864240171727516326
25220 6.3766826277067423234e-05
25221 2.1128732419661844233e-05
25222 1.3886565575216280877e-05
25223 1.598326394258720029e-05
25224 4.8165740287764435834e-05
25225 0.00021719430244449000611
25226 0.0001581795749014958119
25227 0.00013109532935917656005
25228 4.3384950971780966711e-05
25229 4.1093953741189181983e-05
25230 0.00014335306868806796388
25231 4.1679546014972146395e-05
25232 0.00022166984138749512567
25233 1.9699435903852702268e-05
25234 7.2845730532122843215e-06
25235 4.4185838810051336623e-06
25236 3.4069169814188171586e-06
25237 3.2845850910234730691e-06
25238 4.4758278123779859925e-06
25239 1.4343885435863512612e-05
25240 8.112500855128601529e-05
25241 7.3966681335413397846e-06
25242 3.0030907591793720712e-06
25243 2.0798678179723140147e-06
25244 2.0053413263276809175e-06
25245 2.6861272810485559148e-06
25246 6.9712181083314561647e-06
25247 7.9122452984359270545e-05
25248 1.2076447193809514147e-05
25249 3.1144806715843742495e-06
25250 1.5540356348431316746e-06
25251 1.0386005087070770969e-06
25252 7.901289040823655796e-07
25253 7.0039086486062274162e-07
25254 7.2348913393582847675e-07
25255 8.192042559862500184e-07
25256 1.1114110254339948369e-06
25257 1.8919246889126384303e-06
25258 5.0926997845479604621e-06
25259 4.655876657100321836e-05
25260 1.6220276413569933993e-05
25261 3.5520159453739097444e-06
25262 2.0519147998498965535e-06
25263 2.3984443995317406007e-06
25264 8.4978089365250752962e-06
25265 2.2298699404288413461e-05
25266 3.2261421676338386533e-06
25267 2.455101171250362313e-06
25268 6.2523742041520335988e-06
25269 1.5050876760014375577e-05
25270 3.5564672755228343703e-05
25271 8.6792307083527475697e-06
25272 5.1098187814346829327e-05
25273 2.9418973040762352866e-05
25274 2.6732839053078549796e-05
25275 3.8839778024879478835e-06
25276 2.1887426431277390293e-06
25277 2.4830981351087189068e-06
25278 8.4213209952110901213e-06
25279 3.7158493769950950991e-05
25280 3.3053504808755462818e-06
25281 1.2703224330223861216e-06
25282 7.5506859165130890688e-07
25283 5.5596584491723888277e-07
25284 4.5799940551205509109e-07
25285 4.056359825810318398e-07
25286 3.9366048110167639607e-07
25287 4.0951492152885293763e-07
25288 4.5739957377222140167e-07
25289 5.630483927987484094e-07
25290 7.4345666689623612911e-07
25291 1.1423376844454935508e-06
25292 2.2207850900457515309e-06
25293 7.2585351280629595294e-06
25294 0.00010338521094555019886
25295 9.5090838578837377781e-06
25296 3.3288006933140934507e-06
25297 4.0727380397065360285e-06
25298 3.4689552887101626766e-05
25299 6.1320262725317320474e-06
25300 4.688854013501497775e-06
25301 4.889553300113647083e-05
25302 6.7322909487188553612e-06
25303 7.0608894002788247235e-06
25304 3.9093078974872241815e-05
25305 4.0555265741204493679e-06
25306 3.0808511088942225342e-06
25307 1.0502074643259362574e-05
25308 2.2655035806007361998e-05
25309 7.2151567991340925801e-06
25310 5.3916940524700862625e-05
25311 5.1847685602623982959e-06
25312 3.2548947421773277711e-06
25313 8.9440051045386326223e-06
25314 5.102548667057504872e-05
25315 4.4011106061780935761e-06
25316 1.5653242604329875576e-06
25317 8.8066424730470771465e-07
25318 6.1412169394259308319e-07
25319 4.8780041783658134591e-07
25320 4.1324419441934878705e-07
25321 3.9568836429637599394e-07
25322 4.018447978815231636e-07
25323 4.3762431678473490138e-07
25324 5.0725808620200041332e-07
25325 6.4868598492751061713e-07
25326 9.246833494458428504e-07
25327 1.5498578740391621977e-06
25328 3.6339341251689916135e-06
25329 2.4652609604380870678e-05
25330 1.9997468556631758929e-05
25331 5.6731725525338561056e-05
25332 1.3955076038296709839e-05
25333 3.9260389401718498448e-06
25334 5.3106682740278188248e-06
25335 5.4517843287804623742e-05
25336 1.343553608634806551e-05
25337 1.1750233424479006317e-05
25338 2.0931218278619212469e-06
25339 9.9880994852696858288e-07
25340 6.67741977267155562e-07
25341 5.5376882812652183929e-07
25342 5.7365160444078355795e-07
25343 8.1223242798245109952e-07
25344 1.8748045498284682253e-06
25345 1.5314563348134413445e-05
25346 8.0108272610956987592e-06
25347 1.4099456127070197908e-06
25348 6.0020764713897278853e-07
25349 3.5249242991142182291e-07
25350 2.4363883444067369055e-07
25351 1.8568365511839601822e-07
25352 1.5116651619351273439e-07
25353 1.2928588644101068894e-07
25354 1.1514000020085290998e-07
25355 9.7838955825935158828e-08
25356 9.0534523433660751834e-08
25357 8.2476088181238083052e-08
25358 8.6963168666187584677e-08
25359 9.625977437366373124e-08
25360 1.0632069535887467282e-07
25361 1.3396849141145139583e-07
25362 1.7666017981810000492e-07
25363 2.6536952546507563966e-07
25364 4.5502004741848622871e-07
25365 9.7774879304068917918e-07
25366 3.4694245636401888078e-06
25367 5.856893774724980517e-05
25368 4.650942181161354938e-06
25369 1.1440984057919934003e-06
25370 5.1496104358506045173e-07
25371 2.9218862351854113513e-07
25372 1.938190301586928399e-07
25373 1.4181111662736611834e-07
25374 1.116993368910357276e-07
25375 9.3399796341486762685e-08
25376 8.2183759353426921734e-08
25377 7.5644568831023661915e-08
25378 7.2514032112280801812e-08
25379 8.2881195240247507172e-08
25380 8.5972398977673947229e-08
25381 9.179783155843779241e-08
25382 1.0077458068025180182e-07
25383 1.1372606678605734487e-07
25384 1.3208849036772107866e-07
25385 1.5834102295997354304e-07
25386 1.9691920183362299213e-07
25387 2.5630907085627541164e-07
25388 3.54442057926007692e-07
25389 5.3511209419099259321e-07
25390 9.4510165293826275956e-07
25391 2.1642581282677042509e-06
25392 1.0975178827976606044e-05
25393 2.7151504122358005588e-05
25394 1.2702561917876664666e-05
25395 1.4296203760366665847e-05
25396 2.2697005874761089217e-06
25397 1.0402134904552440275e-06
25398 7.0752176384303311352e-07
25399 6.3427247276592879643e-07
25400 7.1365596721051360873e-07
25401 1.0458094559240294075e-06
25402 2.1515152157647321474e-06
25403 9.1010442386796341907e-06
25404 6.0584625112714007855e-05
25405 4.6539539768630788785e-06
25406 1.5607699710429301376e-06
25407 8.7629981404546697377e-07
25408 6.4898558305159781412e-07
25409 5.9701773302833771595e-07
25410 6.5141489757891690715e-07
25411 8.541083857949161029e-07
25412 1.4074275238584732506e-06
25413 3.3714767582182503247e-06
25414 2.0904918642372649629e-05
25415 2.88679050095552725e-05
25416 3.857445865840247734e-06
25417 1.5817604941403828889e-06
25418 1.0062375381814092634e-06
25419 8.8565747002888883799e-07
25420 9.8655648272938378796e-07
25421 1.4950059767926404675e-06
25422 3.8629515550780979538e-06
25423 4.9882159892433719506e-05
25424 6.8053285549041220293e-06
25425 6.9329335810053294153e-06
25426 6.6862521875599156829e-05
25427 2.4061141475684166835e-05
25428 7.0780660630376246445e-06
25429 2.6021547707699710372e-06
25430 2.9059927619812242483e-06
25431 1.3081203485754144822e-05
25432 1.3221560063669812735e-05
25433 2.8775856588225678934e-05
25434 5.9065551543113770094e-06
25435 1.8050479635434157899e-06
25436 1.0927210016831168105e-06
25437 8.9666705704871674243e-07
25438 8.9739863984306111888e-07
25439 1.0618106562887419386e-06
25440 1.490413907845322683e-06
25441 2.7254952699173884412e-06
25442 8.0750378961269575484e-06
25443 9.973511788174960202e-05
25444 1.5059130451966495912e-05
25445 4.1619627477729181919e-06
25446 2.800286227344628287e-06
25447 3.3524788212169198687e-06
25448 7.0959400284564821959e-06
25449 4.7431403416009487728e-05
25450 3.4003509431279610453e-05
25451 1.7002210421335206547e-05
25452 9.0406914411200745008e-05
25453 8.1585574718268105698e-06
25454 2.8630887758396283971e-06
25455 1.5583313830447309556e-06
25456 1.0333998670120081442e-06
25457 7.6727641706852978132e-07
25458 6.2786234389378137166e-07
25459 5.5283262190286563964e-07
25460 5.3742238037557399366e-07
25461 5.8299159721997284578e-07
25462 7.3768880870517250514e-07
25463 1.2188186619965790669e-06
25464 3.4040006928748312021e-06
25465 3.9494769119130523904e-05
25466 4.6498339218992157384e-06
25467 1.8008425839433073179e-06
25468 1.7385102872857771672e-06
25469 3.1345906856827809861e-06
25470 1.6130436359063082818e-05
25471 2.5184010280288049444e-05
25472 2.7298980913581516461e-05
25473 3.9927376862536334556e-06
25474 1.7831804903778447624e-06
25475 1.3024837235420250181e-06
25476 1.7455894036899621824e-06
25477 8.7347250214975247218e-06
25478 6.6254923112296637555e-06
25479 1.38829300055931526e-06
25480 7.8490811539211335912e-07
25481 6.525383113853422401e-07
25482 6.7452374530319048063e-07
25483 8.2373010190650575169e-07
25484 1.194354979361378355e-06
25485 2.2066245870533407469e-06
25486 6.6602028283568870393e-06
25487 7.4571222247854507259e-05
25488 1.0539276848131606812e-05
25489 4.9809890318996963288e-06
25490 2.4029433742800421214e-05
25491 1.3076344801632444614e-05
25492 3.0862914114138106925e-05
25493 1.4607035733860129767e-05
25494 3.7569529163228310153e-05
25495 4.6039129193431449494e-06
25496 1.746820504688884057e-06
25497 9.4793373595081220628e-07
25498 6.1099805748199287336e-07
25499 4.3232380120272750901e-07
25500 3.3860051118494993716e-07
25501 2.6930499652522144061e-07
25502 2.2165706958787723124e-07
25503 1.8381279609513967443e-07
25504 1.5910044659506183962e-07
25505 1.4709478213248416978e-07
25506 1.3394457010207361236e-07
25507 1.3024843203979230566e-07
25508 1.3408148413773801622e-07
25509 1.3169348855868179271e-07
25510 1.3196956905048295994e-07
25511 1.4000246872925004027e-07
25512 1.4643091317267931117e-07
25513 1.4767077294308705859e-07
25514 1.6340325226238405776e-07
25515 1.8510376698088748526e-07
25516 2.155570792972127947e-07
25517 2.5514194290643388285e-07
25518 3.2047679221491875978e-07
25519 4.1173937281868688842e-07
25520 5.8728947749386861688e-07
25521 9.3953726176820850924e-07
25522 1.801222299313565145e-06
25523 5.2406797106385738516e-06
25524 5.0478361369066249154e-05
25525 1.2294230542941875228e-05
25526 3.166483831584798736e-06
25527 2.0687883734993306462e-06
25528 2.6784930593493072593e-06
25529 9.6806483211864247096e-06
25530 2.0649227327140806665e-05
25531 2.0926024191680880904e-05
25532 1.9355320141301035619e-05
25533 3.1969228087902479274e-05
25534 5.504831971592238915e-06
25535 1.0604844868922214118e-05
25536 9.9294577688979757113e-06
25537 4.4760459543269348615e-06
25538 2.4851878269949168043e-05
25539 3.8171658758301418857e-06
25540 8.1040172164037471703e-06
25541 1.8780516596983432009e-05
25542 5.4613337092668245987e-06
25543 1.9861117350750134847e-06
25544 2.1558361149587312866e-06
25545 7.3081806810648686223e-06
25546 2.5695637448031050099e-05
25547 2.862085073829234716e-06
25548 1.1462098772341278163e-06
25549 7.1370952214877547704e-07
25550 5.3843662106700662662e-07
25551 4.7264911184896618579e-07
25552 4.5609610443975157068e-07
25553 4.7514632628420372384e-07
25554 5.307045172209257089e-07
25555 6.3097744451567905344e-07
25556 8.2782291954686115787e-07
25557 1.2244410574346886733e-06
25558 2.2982164464835364015e-06
25559 8.0770366295279671931e-06
25560 3.7319058208584721115e-05
25561 9.0670412156157453865e-06
25562 4.5526309525811825552e-05
25563 2.58925121063846575e-05
25564 5.7006165863349167466e-06
25565 3.8328371414486639424e-06
25566 6.751356072642877848e-06
25567 3.8130293877891574539e-05
25568 1.552221177636425864e-05
25569 0.0001176970157263923511
25570 2.6707326536534736761e-05
25571 8.6798590523962104726e-06
25572 3.0269196738430537152e-05
25573 4.7158008031900067181e-06
25574 1.8048792878033736997e-06
25575 1.1860603397195745856e-06
25576 9.7928320652584943673e-07
25577 9.3443714233032437733e-07
25578 1.0193328821017644259e-06
25579 1.3075101206183603608e-06
25580 1.9532692849821842174e-06
25581 3.8281657790406597996e-06
25582 1.3471494319183818789e-05
25583 9.3500919007283300743e-05
25584 1.9076445825660925948e-05
25585 4.9374331925200465321e-06
25586 3.4052427300146348443e-06
25587 5.2101582168617710522e-06
25588 2.7902042621708034176e-05
25589 2.8668489492567061916e-05
25590 4.7123601607523823986e-06
25591 2.1188225081125722227e-06
25592 1.4615356951352964643e-06
25593 1.3845949733415352512e-06
25594 1.9276214415775427824e-06
25595 6.2171363612861796355e-06
25596 3.1426526557964962194e-05
25597 3.4309134324672641014e-06
25598 2.0636021416109429083e-06
25599 2.5833803247721220941e-06
25600 6.6876724904574302855e-06
25601 4.3916087444806350959e-05
25602 1.4249216178541246336e-05
25603 0.00014086567537185956667
25604 1.8360876477885312852e-05
25605 5.2173577484992961217e-06
25606 3.7050002452687635923e-06
25607 9.3373226222048799627e-06
25608 1.7045659530534607029e-05
25609 3.316269996389564767e-05
25610 3.6502851123998425464e-06
25611 1.5058908129361725514e-06
25612 1.03137875573366955e-06
25613 9.3432569059359593666e-07
25614 1.0699532388969146268e-06
25615 1.8167612250152842535e-06
25616 6.933862521929512468e-06
25617 3.392280054903551445e-05
25618 3.244002036772997144e-06
25619 1.3697400156331696053e-06
25620 9.9127850461400157656e-07
25621 9.4408837902903997019e-07
25622 1.099707574780950381e-06
25623 1.5545603355704429305e-06
25624 3.0833701076815600572e-06
25625 2.1145016727341925389e-05
25626 9.0370425458452530165e-06
25627 1.4563021295099787267e-05
25628 0.00015025602890261779976
25629 5.1945598170011209049e-05
25630 9.4352016419385620338e-05
25631 9.5663617933894329326e-06
25632 3.5432710063787453691e-06
25633 2.0926842574375825734e-06
25634 1.6817258954304747931e-06
25635 1.9891433931107371791e-06
25636 4.805176998523563725e-06
25637 4.8259127360505971183e-05
25638 5.4696736757620101343e-06
25639 2.457455122062413011e-06
25640 4.5602092191288079448e-06
25641 3.8430521323462585315e-05
25642 3.1669779358978189521e-06
25643 1.1527098164876292685e-06
25644 7.080259205594074956e-07
25645 5.5615274074938270132e-07
25646 5.185984299771462247e-07
25647 5.7470049341645790264e-07
25648 8.1471378043929121304e-07
25649 1.906368962689697355e-06
25650 2.4058707493335163008e-05
25651 4.0582063278726820954e-06
25652 1.3945286809757817537e-06
25653 1.3827057951942833824e-06
25654 2.8359247030707024351e-06
25655 2.05717663366300485e-05
25656 1.0808577703080857191e-05
25657 2.7365779704524584304e-06
25658 2.5870338822286953473e-06
25659 6.1056449585095151633e-06
25660 6.4394686199342743294e-05
25661 1.6069638840932043422e-05
25662 3.2887059768782478386e-06
25663 1.4006514326148078453e-06
25664 7.9754195603243260848e-07
25665 5.3666245758421382561e-07
25666 3.9356695014092224483e-07
25667 3.175449792003348648e-07
25668 2.7686930259562814172e-07
25669 2.6165826172430683982e-07
25670 2.7105384692305278804e-07
25671 3.1397362398877248779e-07
25672 4.201538343906463524e-07
25673 6.8919689910629244878e-07
25674 1.5898170384609500161e-06
25675 8.3009814679790849823e-06
25676 2.2261466982698152606e-05
25677 2.3633500907394022761e-06
25678 8.3910057568914453441e-07
25679 4.4807590704465383169e-07
25680 2.9574395554732291203e-07
25681 2.1771223712718779097e-07
25682 1.8515750754843907089e-07
25683 1.7603140056721144902e-07
25684 1.8821852076911227414e-07
25685 2.3008192018281192759e-07
25686 3.2525627080559615933e-07
25687 5.9897043147572048838e-07
25688 1.6603537869031015362e-06
25689 1.4456340643675957836e-05
25690 6.4211404859904064324e-06
25691 1.1726311219817375786e-06
25692 4.7864727115154437342e-07
25693 2.6688405796448932961e-07
25694 1.7623768311381127205e-07
25695 1.299568852530796903e-07
25696 1.0394957072890065319e-07
25697 8.8784016583076663665e-08
25698 8.0251202128067689046e-08
25699 7.6373520840888886596e-08
25700 7.6310330499040901486e-08
25701 7.3263896283037865942e-08
25702 8.1665433526723063551e-08
25703 9.5676561784330260707e-08
25704 1.1814077716110205074e-07
25705 1.5477291448462437984e-07
25706 2.1794082361026312356e-07
25707 3.3814299360557242835e-07
25708 6.0777307187009910194e-07
25709 1.4239566210605403285e-06
25710 6.3812690109799063976e-06
25711 4.5512194283059415056e-05
25712 3.3222921445030806353e-06
25713 1.0099673795060937209e-06
25714 4.8039704259039694989e-07
25715 2.7565769755710789468e-07
25716 1.7967825272080517607e-07
25717 1.262965838577656541e-07
25718 9.359103358974607545e-08
25719 7.2117558147510862909e-08
25720 5.7266344555273462902e-08
25721 4.6570480805030456395e-08
25722 3.8613102049112058012e-08
25723 3.2533439053850088385e-08
25724 2.7784093248328645132e-08
25725 2.4003506737813040672e-08
25726 2.0945090994928250439e-08
25727 1.8435981630204878456e-08
25728 1.6352116105622371833e-08
25729 1.4602563602750251448e-08
25730 1.3119462849431329232e-08
25731 1.1851333248102946527e-08
25732 1.0758555823997539846e-08
25733 9.8102264090016433329e-09
25734 8.9819698345650067495e-09
25735 8.2543394341882958543e-09
25736 0
25737 0
25738 0
25739 0
25740 0
25741 0
25742 0
25743 0
25744 0
25745 0
25746 0
25747 0
25748 0
25749 0
25750 0
25751 0
25752 0
25753 0
25754 0
25755 0
25756 0
25757 0
25758 0
25759 0
25760 0
25761 0
25762 0
25763 0
25764 0
25765 0
25766 0
25767 0
25768 0
25769 0
25770 0
25771 0
25772 0
25773 0
25774 0
25775 0
25776 0
25777 0
25778 0
25779 0
25780 0
25781 0
25782 0
25783 0
25784 0
25785 0
25786 0
25787 0
25788 0
25789 0
25790 0
25791 0
25792 0
25793 0
25794 0
25795 0
25796 0
25797 0
25798 0
25799 0
25800 0
25801 0
25802 0
25803 0
25804 0
25805 0
25806 0
25807 0
25808 0
25809 0
25810 0
25811 0
25812 0
25813 0
25814 0
25815 0
25816 0
25817 0
25818 0
25819 0
25820 0
25821 0
25822 0
25823 0
25824 0
25825 0
25826 0
25827 0
25828 0
25829 0
25830 0
25831 0
25832 0
25833 0
25834 0
25835 0
25836 0
25837 0
25838 0
25839 0
25840 0
25841 0
25842 0
25843 0
25844 0
25845 0
25846 0
25847 0
25848 0
25849 0
25850 0
25851 0
25852 0
25853 0
25854 0
25855 0
25856 0
25857 0
25858 0
25859 0
25860 0
25861 0
25862 0
25863 0
25864 0
25865 0
25866 0
25867 0
25868 0
25869 0
25870 0
25871 0
25872 0
25873 0
25874 0
25875 0
25876 0
25877 0
25878 0
25879 0
25880 0
25881 0
25882 0
25883 0
25884 0
25885 0
25886 0
25887 0
25888 0
25889 0
25890 0
25891 0
25892 0
25893 0
25894 0
25895 0
25896 0
25897 0
25898 0
25899 0
25900 0
25901 0
25902 0
25903 0
25904 0
25905 0
25906 0
25907 0
25908 0
25909 0
25910 0
25911 0
25912 0
25913 0
25914 0
25915 0
25916 0
25917 0
25918 0
25919 0
25920 0
25921 0
25922 0
25923 0
25924 0
25925 0
25926 0
25927 0
25928 0
25929 0
25930 0
25931 0
25932 0
25933 0
25934 0
25935 0
25936 0
25937 0
25938 0
25939 0
25940 0
25941 0
25942 0
25943 0
25944 0
25945 0
25946 0
25947 0
25948 0
25949 0
25950 0
25951 0
25952 0
25953 0
25954 0
25955 0
25956 0
25957 0
25958 0
25959 0
25960 0
25961 0
25962 0
25963 0
25964 0
25965 0
25966 0
25967 0
25968 0
25969 0
25970 0
25971 0
25972 0
25973 0
25974 0
25975 0
25976 0
25977 0
25978 0
25979 0
25980 0
25981 0
25982 0
25983 0
25984 0
25985 0
25986 0
25987 0
25988 0
25989 0
25990 0
25991 0
25992 0
25993 0
25994 0
25995 0
25996 0
25997 0
25998 0
25999 0
26000 0
26001 0
26002 0
26003 0
26004 0
26005 0
26006 0
26007 0
26008 0
26009 0
26010 0
26011 0
26012 0
26013 0
26014 0
26015 0
26016 0
26017 0
26018 0
26019 0
26020 0
26021 0
26022 0
26023 0
26024 0
26025 0
26026 0
26027 0
26028 0
26029 0
26030 0
26031 0
26032 0
26033 0
26034 0
26035 0
26036 0
26037 0
26038 0
26039 0
26040 0
26041 0
26042 0
26043 0
26044 0
26045 0
26046 0
26047 0
26048 0
26049 0
26050 0
26051 0
26052 0
26053 0
26054 0
26055 0
26056 0
26057 0
26058 0
26059 0
26060 0
26061 0
26062 0
26063 0
26064 0
26065 0
26066 0
26067 0
26068 0
26069 0
26070 0
26071 0
26072 0
26073 0
26074 0
26075 0
26076 0
26077 0
26078 0
26079 0
26080 0
26081 0
26082 0
26083 0
26084 0
26085 0
26086 0
26087 0
26088 0
26089 0
26090 0
26091 0
26092 0
26093 0
26094 0
26095 0
26096 0
26097 0
26098 0
26099 0
26100 0
26101 0
26102 0
26103 0
26104 0
26105 0
26106 0
26107 0
26108 0
26109 0
26110 0
26111 0
26112 0
26113 0
26114 0
26115 0
26116 0
26117 0
26118 0
26119 0
26120 0
26121 0
26122 0
26123 0
26124 0
26125 0
26126 0
26127 0
26128 0
26129 0
26130 0
26131 0
26132 0
26133 0
26134 0
26135 0
26136 0
26137 0
26138 0
26139 0
26140 0
26141 0
26142 0
26143 0
26144 0
26145 0
26146 0
26147 0
26148 0
26149 0
26150 0
26151 0
26152 0
26153 0
26154 0
26155 0
26156 0
26157 0
26158 0
26159 0
26160 0
26161 0
26162 0
26163 0
26164 0
26165 0
26166 0
26167 0
26168 0
26169 0
26170 0
26171 0
26172 0
26173 0
26174 0
26175 0
26176 0
26177 0
26178 0
26179 0
26180 0
26181 0
26182 0
26183 0
26184 0
26185 0
26186 0
26187 0
26188 0
26189 0
26190 0
26191 0
26192 0
26193 0
26194 0
26195 0
26196 0
26197 0
26198 0
26199 0
26200 0
26201 0
26202 0
26203 0
26204 0
26205 0
26206 0
26207 0
26208 0
26209 0
26210 0
26211 0
26212 0
26213 0
26214 0
26215 0
26216 0
26217 0
26218 0
26219 0
26220 0
26221 0
26222 0
26223 0
26224 0
26225 0
26226 0
26227 0
26228 0
26229 0
26230 0
26231 0
26232 0
26233 0
26234 0
26235 0
26236 0
26237 0
26238 0
26239 0
26240 0
26241 0
26242 0
26243 0
26244 0
26245 0
26246 0
26247 0
26248 0
26249 0
26250 0
26251 0
26252 0
26253 0
26254 0
26255 0
26256 0
26257 0
26258 0
26259 0
26260 0
26261 0
26262 0
26263 0
26264 0
26265 0
26266 0
26267 0
26268 0
26269 0
26270 0
26271 0
26272 0
26273 0
26274 0
26275 0
26276 0
26277 0
26278 0
26279 0
26280 0
26281 0
26282 0
26283 0
26284 0
26285 0
26286 0
26287 0
26288 0
26289 0
26290 0
26291 0
26292 0
26293 0
26294 0
26295 0
26296 0
26297 0
26298 0
26299 0
26300 0
26301 0
26302 0
26303 0
26304 0
26305 0
26306 0
26307 0
26308 0
26309 0
26310 0
26311 0
26312 0
26313 0
26314 0
26315 0
26316 0
26317 0
26318 0
26319 0
26320 0
26321 0
26322 0
26323 0
26324 0
26325 0
26326 0
26327 0
26328 0
26329 0
26330 0
26331 0
26332 0
26333 0
26334 0
26335 0
26336 0
26337 0
26338 0
26339 0
26340 0
26341 0
26342 0
26343 0
26344 0
26345 0
26346 0
26347 0
26348 0
26349 0
26350 0
26351 0
26352 0
26353 0
26354 0
26355 0
26356 0
26357 0
26358 0
26359 0
26360 0
26361 0
26362 0
26363 0
26364 0
26365 0
26366 0
26367 0
26368 0
26369 0
26370 0
26371 0
26372 0
26373 0
26374 0
26375 0
26376 0
26377 0
26378 0
26379 0
26380 0
26381 0
26382 0
26383 0
26384 0
26385 0
26386 0
26387 0
26388 0
26389 0
26390 0
26391 0
26392 0
26393 0
26394 0
26395 0
26396 0
26397 0
26398 0
26399 0
26400 0
26401 0
26402 0
26403 0
26404 0
26405 0
26406 0
26407 0
26408 0
26409 0
26410 0
26411 0
26412 0
26413 0
26414 0
26415 0
26416 0
26417 0
26418 0
26419 0
26420 0
26421 0
26422 0
26423 0
26424 0
26425 0
26426 0
26427 0
26428 0
26429 0
26430 0
26431 0
26432 0
26433 0
26434 0
26435 0
26436 0
26437 0
26438 0
26439 0
26440 0
26441 0
26442 0
26443 0
26444 0
26445 0
26446 0
26447 0
26448 0
26449 0
26450 0
26451 0
26452 0
26453 0
26454 0
26455 0
26456 0
26457 0
26458 0
26459 0
26460 0
26461 0
26462 0
26463 0
26464 0
26465 0
26466 0
26467 0
26468 0
26469 0
26470 0
26471 0
26472 0
26473 0
26474 0
26475 0
26476 0
26477 0
26478 0
26479 0
26480 0
26481 0
26482 0
26483 0
26484 0
26485 0
26486 0
26487 0
26488 0
26489 0
26490 0
26491 0
26492 0
26493 0
26494 0
26495 0
26496 0
26497 0
26498 0
26499 0
26500 0
26501 0
26502 0
26503 0
26504 0
26505 0
26506 0
26507 0
26508 0
26509 0
26510 0
26511 0
26512 0
26513 0
26514 0
26515 0
26516 0
26517 0
26518 0
26519 0
26520 0
26521 0
26522 0
26523 0
26524 0
26525 0
26526 0
26527 0
26528 0
26529 0
26530 0
26531 0
26532 0
26533 0
26534 0
26535 0
26536 0
26537 0
26538 0
26539 0
26540 0
26541 0
26542 0
26543 0
26544 0
26545 0
26546 0
26547 0
26548 0
26549 0
26550 0
26551 0
26552 0
26553 0
26554 0
26555 0
26556 0
26557 0
26558 0
26559 0
26560 0
26561 0
26562 0
26563 0
26564 0
26565 0
26566 0
26567 0
26568 0
26569 0
26570 0
26571 0
26572 0
26573 0
26574 0
26575 0
26576 0
26577 0
26578 0
26579 0
26580 0
26581 0
26582 0
26583 0
26584 0
26585 0
26586 0
26587 0
26588 0
26589 0
26590 0
26591 0
26592 0
26593 0
26594 0
26595 0
26596 0
26597 0
26598 0
26599 0
26600 0
26601 0
26602 0
26603 0
26604 0
26605 0
26606 0
26607 0
26608 0
26609 0
26610 0
26611 0
26612 0
26613 0
26614 0
26615 0
26616 0
26617 0
26618 0
26619 0
26620 0
26621 0
26622 0
26623 0
26624 0
26625 0
26626 0
26627 0
26628 0
26629 0
26630 0
26631 0
26632 0
26633 0
26634 0
26635 0
26636 0
26637 0
26638 0
26639 0
26640 0
26641 0
26642 0
26643 0
26644 0
26645 0
26646 0
26647 0
26648 0
26649 0
26650 0
26651 0
26652 0
26653 0
26654 0
26655 0
26656 0
26657 0
26658 0
26659 0
26660 0
26661 0
26662 0
26663 0
26664 0
26665 0
26666 0
26667 0
26668 0
26669 0
26670 0
26671 0
26672 0
26673 0
26674 0
26675 0
26676 0
26677 0
26678 0
26679 0
26680 0
26681 0
26682 0
26683 0
26684 0
26685 0
26686 0
26687 0
26688 0
26689 0
26690 0
26691 0
26692 0
26693 0
26694 0
26695 0
26696 0
26697 0
26698 0
26699 0
26700 0
26701 0
26702 0
26703 0
26704 0
26705 0
26706 0
26707 0
26708 0
26709 0
26710 0
26711 0
26712 0
26713 0
26714 0
26715 0
26716 0
26717 0
26718 0
26719 0
26720 0
26721 0
26722 0
26723 0
26724 0
26725 0
26726 0
26727 0
26728 0
26729 0
26730 0
26731 0
26732 0
26733 0
26734 0
26735 0
26736 0
26737 0
26738 0
26739 0
26740 0
26741 0
26742 0
26743 0
26744 0
26745 0
26746 0
26747 0
26748 0
26749 0
26750 0
26751 0
26752 0
26753 0
26754 0
26755 0
26756 0
26757 0
26758 0
26759 0
26760 0
26761 0
26762 0
26763 0
26764 0
26765 0
26766 0
26767 0
26768 0
26769 0
26770 0
26771 0
26772 0
26773 0
26774 0
26775 0
26776 0
26777 0
26778 0
26779 0
26780 0
26781 0
26782 0
26783 0
26784 0
26785 0
26786 0
26787 0
26788 0
26789 0
26790 0
26791 0
26792 0
26793 0
26794 0
26795 0
26796 0
26797 0
26798 0
26799 0
26800 0
26801 0
26802 0
26803 0
26804 0
26805 0
26806 0
26807 0
26808 0
26809 0
26810 0
26811 0
26812 0
26813 0
26814 0
26815 0
26816 0
26817 0
26818 0
26819 0
26820 0
26821 0
26822 0
26823 0
26824 0
26825 0
26826 0
26827 0
26828 0
26829 0
26830 0
26831 0
26832 0
26833 0
26834 0
26835 0
26836 0
26837 0
26838 0
26839 0
26840 0
26841 0
26842 0
26843 0
26844 0
26845 0
26846 0
26847 0
26848 0
26849 0
26850 0
26851 0
26852 0
26853 0
26854 0
26855 0
26856 0
26857 0
26858 0
26859 0
26860 0
26861 0
26862 0
26863 0
26864 0
26865 0
26866 0
26867 0
26868 0
26869 0
26870 0
26871 0
26872 0
26873 0
26874 0
26875 0
26876 0
26877 0
26878 0
26879 0
26880 0
26881 0
26882 0
26883 0
26884 0
26885 0
26886 0
26887 0
26888 0
26889 0
26890 0
26891 0
26892 0
26893 0
26894 0
26895 0
26896 0
26897 0
26898 0
26899 0
26900 0
26901 0
26902 0
26903 0
26904 0
26905 0
26906 0
26907 0
26908 0
26909 0
26910 0
26911 0
26912 0
26913 0
26914 0
26915 0
26916 0
26917 0
26918 0
26919 0
26920 0
26921 0
26922 0
26923 0
26924 0
26925 0
26926 0
26927 0
26928 0
26929 0
26930 0
26931 0
26932 0
26933 0
26934 0
26935 0
26936 0
26937 0
26938 0
26939 0
26940 0
26941 0
26942 0
26943 0
26944 0
26945 0
26946 0
26947 0
26948 0
26949 0
26950 0
26951 0
26952 0
26953 0
26954 0
26955 0
26956 0
26957 0
26958 0
26959 0
26960 0
26961 0
26962 0
26963 0
26964 0
26965 0
26966 0
26967 0
26968 0
26969 0
26970 0
26971 0
26972 0
26973 0
26974 0
26975 0
26976 0
26977 0
26978 0
26979 0
26980 0
26981 0
26982 0
26983 0
26984 0
26985 0
26986 0
26987 0
26988 0
26989 0
26990 0
26991 0
26992 0
26993 0
26994 0
26995 0
26996 0
26997 0
26998 0
26999 0
27000 0
27001 0
27002 0
27003 0
27004 0
27005 0
27006 0
27007 0
27008 0
27009 0
27010 0
27011 0
27012 0
27013 0
27014 0
27015 0
27016 0
27017 0
27018 0
27019 0
27020 0
27021 0
27022 0
27023 0
27024 0
27025 0
27026 0
27027 0
27028 0
27029 0
27030 0
27031 0
27032 0
27033 0
27034 0
27035 0
27036 0
27037 0
27038 0
27039 0
27040 0
27041 0
27042 0
27043 0
27044 0
27045 0
27046 0
27047 0
27048 0
27049 0
27050 0
27051 0
27052 0
27053 0
27054 0
27055 0
27056 0
27057 0
27058 0
27059 0
27060 0
27061 0
27062 0
27063 0
27064 0
27065 0
27066 0
27067 0
27068 0
27069 0
27070 0
27071 0
27072 0
27073 0
27074 0
27075 0
27076 0
27077 0
27078 0
27079 0
27080 0
27081 0
27082 0
27083 0
27084 0
27085 0
27086 0
27087 0
27088 0
27089 0
27090 0
27091 0
27092 0
27093 0
27094 0
27095 0
27096 0
27097 0
27098 0
27099 0
27100 0
27101 0
27102 0
27103 0
27104 0
27105 0
27106 0
27107 0
27108 0
27109 0
27110 0
27111 0
27112 0
27113 0
27114 0
27115 0
27116 0
27117 0
27118 0
27119 0
27120 0
27121 0
27122 0
27123 0
27124 0
27125 0
27126 0
27127 0
27128 0
27129 0
27130 0
27131 0
27132 0
27133 0
27134 0
27135 0
27136 0
27137 0
27138 0
27139 0
27140 0
27141 0
27142 0
27143 0
27144 0
27145 0
27146 0
27147 0
27148 0
27149 0
27150 0
27151 0
27152 0
27153 0
27154 0
27155 0
27156 0
27157 0
27158 0
27159 0
27160 0
27161 0
27162 0
27163 0
27164 0
27165 0
27166 0
27167 0
27168 0
27169 0
27170 0
27171 0
27172 0
27173 0
27174 0
27175 0
27176 0
27177 0
27178 0
27179 0
27180 0
27181 0
27182 0
27183 0
27184 0
27185 0
27186 0
27187 0
27188 0
27189 0
27190 0
27191 0
27192 0
27193 0
27194 0
27195 0
27196 0
27197 0
27198 0
27199 0
27200 0
27201 0
27202 0
27203 0
27204 0
27205 0
27206 0
27207 0
27208 0
27209 0
27210 0
27211 0
27212 0
27213 0
27214 0
27215 0
27216 0
27217 0
27218 0
27219 0
27220 0
27221 0
27222 0
27223 0
27224 0
27225 0
27226 0
27227 0
27228 0
27229 0
27230 0
27231 0
27232 0
27233 0
27234 0
27235 0
27236 0
27237 0
27238 0
27239 0
27240 0
27241 0
27242 0
27243 0
27244 0
27245 0
27246 0
27247 0
27248 0
27249 0
27250 0
27251 0
27252 0
27253 0
27254 0
27255 0
27256 0
27257 0
27258 0
27259 0
27260 0
27261 0
27262 0
27263 0
27264 0
27265 0
27266 0
27267 0
27268 0
27269 0
27270 0
27271 0
27272 0
27273 0
27274 0
27275 0
27276 0
27277 0
27278 0
27279 0
27280 0
27281 0
27282 0
27283 0
27284 0
27285 0
27286 0
27287 0
27288 0
27289 0
27290 0
27291 0
27292 0
27293 0
27294 0
27295 0
27296 0
27297 0
27298 0
27299 0
27300 0
27301 0
27302 0
27303 0
27304 0
27305 0
27306 0
27307 0
27308 0
27309 0
27310 0
27311 0
27312 0
27313 0
27314 0
27315 0
27316 0
27317 0
27318 0
27319 0
27320 0
27321 0
27322 0
27323 0
27324 0
27325 0
27326 0
27327 0
27328 0
27329 0
27330 0
27331 0
27332 0
27333 0
27334 0
27335 0
27336 0
27337 0
27338 0
27339 0
27340 0
27341 0
27342 0
27343 0
27344 0
27345 0
27346 0
27347 0
27348 0
27349 0
27350 0
27351 0
27352 0
27353 0
27354 0
27355 0
27356 0
27357 0
27358 0
27359 0
27360 0
27361 0
27362 0
27363 0
27364 0
27365 0
27366 0
27367 0
27368 0
27369 0
27370 0
27371 0
27372 0
27373 0
27374 0
27375 0
27376 0
27377 0
27378 0
27379 0
27380 0
27381 0
27382 0
27383 0
27384 0
27385 0
27386 0
27387 0
27388 0
27389 0
27390 0
27391 0
27392 0
27393 0
27394 0
27395 0
27396 0
27397 0
27398 0
27399 0
27400 0
27401 0
27402 0
27403 0
27404 0
27405 0
27406 0
27407 0
27408 0
27409 0
27410 0
27411 0
27412 0
27413 0
27414 0
27415 0
27416 0
27417 0
27418 0
27419 0
27420 0
27421 0
27422 0
27423 0
27424 0
27425 0
27426 0
27427 0
27428 0
27429 0
27430 0
27431 0
27432 0
27433 0
27434 0
27435 0
27436 0
27437 0
27438 0
27439 0
27440 0
27441 0
27442 0
27443 0
27444 0
27445 0
27446 0
27447 0
27448 0
27449 0
27450 0
27451 0
27452 0
27453 0
27454 0
27455 0
27456 0
27457 0
27458 0
27459 0
27460 0
27461 0
27462 0
27463 0
27464 0
27465 0
27466 0
27467 0
27468 0
27469 0
27470 0
27471 0
27472 0
27473 0
27474 0
27475 0
27476 0
27477 0
27478 0
27479 0
27480 0
27481 0
27482 0
27483 0
27484 0
27485 0
27486 0
27487 0
27488 0
27489 0
27490 0
27491 0
27492 0
27493 0
27494 0
27495 0
27496 0
27497 0
27498 0
27499 0
27500 0
27501 0
27502 0
27503 0
27504 0
27505 0
27506 0
27507 0
27508 0
27509 0
27510 0
27511 0
27512 0
27513 0
27514 0
27515 0
27516 0
27517 0
27518 0
27519 0
27520 0
27521 0
27522 0
27523 0
27524 0
27525 0
27526 0
27527 0
27528 0
27529 0
27530 0
27531 0
27532 0
27533 0
27534 0
27535 0
27536 0
27537 0
27538 0
27539 0
27540 0
27541 0
27542 0
27543 0
27544 0
27545 0
27546 0
27547 0
27548 0
27549 0
27550 0
27551 0
27552 0
27553 0
27554 0
27555 0
27556 0
27557 0
27558 0
27559 0
27560 0
27561 0
27562 0
27563 0
27564 0
27565 0
27566 0
27567 0
27568 0
27569 0
27570 0
27571 0
27572 0
27573 0
27574 0
27575 0
27576 0
27577 0
27578 0
27579 0
27580 0
27581 0
27582 0
27583 0
27584 0
27585 0
27586 0
27587 0
27588 0
27589 0
27590 0
27591 0
27592 0
27593 0
27594 0
27595 0
27596 0
27597 0
27598 0
27599 0
27600 0
27601 0
27602 0
27603 0
27604 0
27605 0
27606 0
27607 0
27608 0
27609 0
27610 0
27611 0
27612 0
27613 0
27614 0
27615 0
27616 0
27617 0
27618 0
27619 0
27620 0
27621 0
27622 0
27623 0
27624 0
27625 0
27626 0
27627 0
27628 0
27629 0
27630 0
27631 0
27632 0
27633 0
27634 0
27635 0
27636 0
27637 0
27638 0
27639 0
27640 0
27641 0
27642 0
27643 0
27644 0
27645 0
27646 0
27647 0
27648 0
27649 0
27650 0
27651 0
27652 0
27653 0
27654 0
27655 0
27656 0
27657 0
27658 0
27659 0
27660 0
27661 0
27662 0
27663 0
27664 0
27665 0
27666 0
27667 0
27668 0
27669 0
27670 0
27671 0
27672 0
27673 0
27674 0
27675 0
27676 0
27677 0
27678 0
27679 0
27680 0
27681 0
27682 0
27683 0
27684 0
27685 0
27686 0
27687 0
27688 0
27689 0
27690 0
27691 0
27692 0
27693 0
27694 0
27695 0
27696 0
27697 0
27698 0
27699 0
27700 0
27701 0
27702 0
27703 0
27704 0
27705 0
27706 0
27707 0
27708 0
27709 0
27710 0
27711 0
27712 0
27713 0
27714 0
27715 0
27716 0
27717 0
27718 0
27719 0
27720 0
27721 0
27722 0
27723 0
27724 0
27725 0
27726 0
27727 0
27728 0
27729 0
27730 0
27731 0
27732 0
27733 0
27734 0
27735 0
27736 0
27737 0
27738 0
27739 0
27740 0
27741 0
27742 0
27743 0
27744 0
27745 0
27746 0
27747 0
27748 0
27749 0
27750 0
27751 0
27752 0
27753 0
27754 0
27755 0
27756 0
27757 0
27758 0
27759 0
27760 0
27761 0
27762 0
27763 0
27764 0
27765 0
27766 0
27767 0
27768 0
27769 0
27770 0
27771 0
27772 0
27773 0
27774 0
27775 0
27776 0
27777 0
27778 0
27779 0
27780 0
27781 0
27782 0
27783 0
27784 0
27785 0
27786 0
27787 0
27788 0
27789 0
27790 0
27791 0
27792 0
27793 0
27794 0
27795 0
27796 0
27797 0
27798 0
27799 0
27800 0
27801 0
27802 0
27803 0
27804 0
27805 0
27806 0
27807 0
27808 0
27809 0
27810 0
27811 0
27812 0
27813 0
27814 0
27815 0
27816 0
27817 0
27818 0
27819 0
27820 0
27821 0
27822 0
27823 0
27824 0
27825 0
27826 0
27827 0
27828 0
27829 0
27830 0
27831 0
27832 0
27833 0
27834 0
27835 0
27836 0
27837 0
27838 0
27839 0
27840 0
27841 0
27842 0
27843 0
27844 0
27845 0
27846 0
27847 0
27848 0
27849 0
27850 0
27851 0
27852 0
27853 0
27854 0
27855 0
27856 0
27857 0
27858 0
27859 0
27860 0
27861 0
27862 0
27863 0
27864 0
27865 0
27866 0
27867 0
27868 0
27869 0
27870 0
27871 0
27872 0
27873 0
27874 0
27875 0
27876 0
27877 0
27878 0
27879 0
27880 0
27881 0
27882 0
27883 0
27884 0
27885 0
27886 0
27887 0
27888 0
27889 0
27890 0
27891 0
27892 0
27893 0
27894 0
27895 0
27896 0
27897 0
27898 0
27899 0
27900 0
27901 0
27902 0
27903 0
27904 0
27905 0
27906 0
27907 0
27908 0
27909 0
27910 0
27911 0
27912 0
27913 0
27914 0
27915 0
27916 0
27917 0
27918 0
27919 0
27920 0
27921 0
27922 0
27923 0
27924 0
27925 0
27926 0
27927 0
27928 0
27929 0
27930 0
27931 0
27932 0
27933 0
27934 0
27935 0
27936 0
27937 0
27938 0
27939 0
27940 0
27941 0
27942 0
27943 0
27944 0
27945 0
27946 0
27947 0
27948 0
27949 0
27950 0
27951 0
27952 0
27953 0
27954 0
27955 0
27956 0
27957 0
27958 0
27959 0
27960 0
27961 0
27962 0
27963 0
27964 0
27965 0
27966 0
27967 0
27968 0
27969 0
27970 0
27971 0
27972 0
27973 0
27974 0
27975 0
27976 0
27977 0
27978 0
27979 0
27980 0
27981 0
27982 0
27983 0
27984 0
27985 0
27986 0
27987 0
27988 0
27989 0
27990 0
27991 0
27992 0
27993 0
27994 0
27995 0
27996 0
27997 0
27998 0
27999 0
28000 0
28001 0
28002 0
28003 0
28004 0
28005 0
28006 0
28007 0
28008 0
28009 0
28010 0
28011 0
28012 0
28013 0
28014 0
28015 0
28016 0
28017 0
28018 0
28019 0
28020 0
28021 0
28022 0
28023 0
28024 0
28025 0
28026 0
28027 0
28028 0
28029 0
28030 0
28031 0
28032 0
28033 0
28034 0
28035 0
28036 0
28037 0
28038 0
28039 0
28040 0
28041 0
28042 0
28043 0
28044 0
28045 0
28046 0
28047 0
28048 0
28049 0
28050 0
28051 0
28052 0
28053 0
28054 0
28055 0
28056 0
28057 0
28058 0
28059 0
28060 0
28061 0
28062 0
28063 0
28064 0
28065 0
28066 0
28067 0
28068 0
28069 0
28070 0
28071 0
28072 0
28073 0
28074 0
28075 0
28076 0
28077 0
28078 0
28079 0
28080 0
28081 0
28082 0
28083 0
28084 0
28085 0
28086 0
28087 0
28088 0
28089 0
28090 0
28091 0
28092 0
28093 0
28094 0
28095 0
28096 0
28097 0
28098 0
28099 0
28100 0
28101 0
28102 0
28103 0
28104 0
28105 0
28106 0
28107 0
28108 0
28109 0
28110 0
28111 0
28112 0
28113 0
28114 0
28115 0
28116 0
28117 0
28118 0
28119 0
28120 0
28121 0
28122 0
28123 0
28124 0
28125 0
28126 0
28127 0
28128 0
28129 0
28130 0
28131 0
28132 0
28133 0
28134 0
28135 0
28136 0
28137 0
28138 0
28139 0
28140 0
28141 0
28142 0
28143 0
28144 0
28145 0
28146 0
28147 0
28148 0
28149 0
28150 0
28151 0
28152 0
28153 0
28154 0
28155 0
28156 0
28157 0
28158 0
28159 0
28160 0
28161 0
28162 0
28163 0
28164 0
28165 0
28166 0
28167 0
28168 0
28169 0
28170 0
28171 0
28172 0
28173 0
28174 0
28175 0
28176 0
28177 0
28178 0
28179 0
28180 0
28181 0
28182 0
28183 0
28184 0
28185 0
28186 0
28187 0
28188 0
28189 0
28190 0
28191 0
28192 0
28193 0
28194 0
28195 0
28196 0
28197 0
28198 0
28199 0
28200 0
28201 0
28202 0
28203 0
28204 0
28205 0
28206 0
28207 0
28208 0
28209 0
28210 0
28211 0
28212 0
28213 0
28214 0
28215 0
28216 0
28217 0
28218 0
28219 0
28220 0
28221 0
28222 0
28223 0
28224 0
28225 0
28226 0
28227 0
28228 0
28229 0
28230 0
28231 0
28232 0
28233 0
28234 0
28235 0
28236 0
28237 0
28238 0
28239 0
28240 0
28241 0
28242 0
28243 0
28244 0
28245 0
28246 0
28247 0
28248 0
28249 0
28250 0
28251 0
28252 0
28253 0
28254 0
28255 0
28256 0
28257 0
28258 0
28259 0
28260 0
28261 0
28262 0
28263 0
28264 0
28265 0
28266 0
28267 0
28268 0
28269 0
28270 0
28271 0
28272 0
28273 0
28274 0
28275 0
28276 0
28277 0
28278 0
28279 0
28280 0
28281 0
28282 0
28283 0
28284 0
28285 0
28286 0
28287 0
28288 0
28289 0
28290 0
28291 0
28292 0
28293 0
28294 0
28295 0
28296 0
28297 0
28298 0
28299 0
28300 0
28301 0
28302 0
28303 0
28304 0
28305 0
28306 0
28307 0
28308 0
28309 0
28310 0
28311 0
28312 0
28313 0
28314 0
28315 0
28316 0
28317 0
28318 0
28319 0
28320 0
28321 0
28322 0
28323 0
28324 0
28325 0
28326 0
28327 0
28328 0
28329 0
28330 0
28331 0
28332 0
28333 0
28334 0
28335 0
28336 0
28337 0
28338 0
28339 0
28340 0
28341 0
28342 0
28343 0
28344 0
28345 0
28346 0
28347 0
28348 0
28349 0
28350 0
28351 0
28352 0
28353 0
28354 0
28355 0
28356 0
28357 0
28358 0
28359 0
28360 0
28361 0
28362 0
28363 0
28364 0
28365 0
28366 0
28367 0
28368 0
28369 0
28370 0
28371 0
28372 0
28373 0
28374 0
28375 0
28376 0
28377 0
28378 0
28379 0
28380 0
28381 0
28382 0
28383 0
28384 0
28385 0
28386 0
28387 0
28388 0
28389 0
28390 0
28391 0
28392 0
28393 0
28394 0
28395 0
28396 0
28397 0
28398 0
28399 0
28400 0
28401 0
28402 0
28403 0
28404 0
28405 0
28406 0
28407 0
28408 0
28409 0
28410 0
28411 0
28412 0
28413 0
28414 0
28415 0
28416 0
28417 0
28418 0
28419 0
28420 0
28421 0
28422 0
28423 0
28424 0
28425 0
28426 0
28427 0
28428 0
28429 0
28430 0
28431 0
28432 0
28433 0
28434 0
28435 0
28436 0
28437 0
28438 0
28439 0
28440 0
28441 0
28442 0
28443 0
28444 0
28445 0
28446 0
28447 0
28448 0
28449 0
28450 0
28451 0
28452 0
28453 0
28454 0
28455 0
28456 0
28457 0
28458 0
28459 0
28460 0
28461 0
28462 0
28463 0
28464 0
28465 0
28466 0
28467 0
28468 0
28469 0
28470 0
28471 0
28472 0
28473 0
28474 0
28475 0
28476 0
28477 0
28478 0
28479 0
28480 0
28481 0
28482 0
28483 0
28484 0
28485 0
28486 0
28487 0
28488 0
28489 0
28490 0
28491 0
28492 0
28493 0
28494 0
28495 0
28496 0
28497 0
28498 0
28499 0
28500 0
28501 0
28502 0
28503 0
28504 0
28505 0
28506 0
28507 0
28508 0
28509 0
28510 0
28511 0
28512 0
28513 0
28514 0
28515 0
28516 0
28517 0
28518 0
28519 0
28520 0
28521 0
28522 0
28523 0
28524 0
28525 0
28526 0
28527 0
28528 0
28529 0
28530 0
28531 0
28532 0
28533 0
28534 0
28535 0
28536 0
28537 0
28538 0
28539 0
28540 0
28541 0
28542 0
28543 0
28544 0
28545 0
28546 0
28547 0
28548 0
28549 0
28550 0
28551 0
28552 0
28553 0
28554 0
28555 0
28556 0
28557 0
28558 0
28559 0
28560 0
28561 0
28562 0
28563 0
28564 0
28565 0
28566 0
28567 0
28568 0
28569 0
28570 0
28571 0
28572 0
28573 0
28574 0
28575 0
28576 0
28577 0
28578 0
28579 0
28580 0
28581 0
28582 0
28583 0
28584 0
28585 0
28586 0
28587 0
28588 0
28589 0
28590 0
28591 0
28592 0
28593 0
28594 0
28595 0
28596 0
28597 0
28598 0
28599 0
28600 0
28601 0
28602 0
28603 0
28604 0
28605 0
28606 0
28607 0
28608 0
28609 0
28610 0
28611 0
28612 0
28613 0
28614 0
28615 0
28616 0
28617 0
28618 0
28619 0
28620 0
28621 0
28622 0
28623 0
28624 0
28625 0
28626 0
28627 0
28628 0
28629 0
28630 0
28631 0
28632 0
28633 0
28634 0
28635 0
28636 0
28637 0
28638 0
28639 0
28640 0
28641 0
28642 0
28643 0
28644 0
28645 0
28646 0
28647 0
28648 0
28649 0
28650 0
28651 0
28652 0
28653 0
28654 0
28655 0
28656 0
28657 0
28658 0
28659 0
28660 0
28661 0
28662 0
28663 0
28664 0
28665 0
28666 0
28667 0
28668 0
28669 0
28670 0
28671 0
28672 0
28673 0
28674 0
28675 0
28676 0
28677 0
28678 0
28679 0
28680 0
28681 0
28682 0
28683 0
28684 0
28685 0
28686 0
28687 0
28688 0
28689 0
28690 0
28691 0
28692 0
28693 0
28694 0
28695 0
28696 0
28697 0
28698 0
28699 0
28700 0
28701 0
28702 0
28703 0
28704 0
28705 0
28706 0
28707 0
28708 0
28709 0
28710 0
28711 0
28712 0
28713 0
28714 0
28715 0
28716 0
28717 0
28718 0
28719 0
28720 0
28721 0
28722 0
28723 0
28724 0
28725 0
28726 0
28727 0
28728 0
28729 0
28730 0
28731 0
28732 0
28733 0
28734 0
28735 0
28736 0
28737 0
28738 0
28739 0
28740 0
28741 0
28742 0
28743 0
28744 0
28745 0
28746 0
28747 0
28748 0
28749 0
28750 0
28751 0
28752 0
28753 0
28754 0
28755 0
28756 0
28757 0
28758 0
28759 0
28760 0
28761 0
28762 0
28763 0
28764 0
28765 0
28766 0
28767 0
28768 0
28769 0
28770 0
28771 0
28772 0
28773 0
28774 0
28775 0
28776 0
28777 0
28778 0
28779 0
28780 0
28781 0
28782 0
28783 0
28784 0
28785 0
28786 0
28787 0
28788 0
28789 0
28790 0
28791 0
28792 0
28793 0
28794 0
28795 0
28796 0
28797 0
28798 0
28799 0
28800 0
28801 0
28802 0
28803 0
28804 0
28805 0
28806 0
28807 0
28808 0
28809 0
28810 0
28811 0
28812 0
28813 0
28814 0
28815 0
28816 0
28817 0
28818 0
28819 0
28820 0
28821 0
28822 0
28823 0
28824 0
28825 0
28826 0
28827 0
28828 0
28829 0
28830 0
28831 0
28832 0
28833 0
28834 0
28835 0
28836 0
28837 0
28838 0
28839 0
28840 0
28841 0
28842 0
28843 0
28844 0
28845 0
28846 0
28847 0
28848 0
28849 0
28850 0
28851 0
28852 0
28853 0
28854 0
28855 0
28856 0
28857 0
28858 0
28859 0
28860 0
28861 0
28862 0
28863 0
28864 0
28865 0
28866 0
28867 0
28868 0
28869 0
28870 0
28871 0
28872 0
28873 0
28874 0
28875 0
28876 0
28877 0
28878 0
28879 0
28880 0
28881 0
28882 0
28883 0
28884 0
28885 0
28886 0
28887 0
28888 0
28889 0
28890 0
28891 0
28892 0
28893 0
28894 0
28895 0
28896 0
28897 0
28898 0
28899 0
28900 0
28901 0
28902 0
28903 0
28904 0
28905 0
28906 0
28907 0
28908 0
28909 0
28910 0
28911 0
28912 0
28913 0
28914 0
28915 0
28916 0
28917 0
28918 0
28919 0
28920 0
28921 0
28922 0
28923 0
28924 0
28925 0
28926 0
28927 0
28928 0
28929 0
28930 0
28931 0
28932 0
28933 0
28934 0
28935 0
28936 0
28937 0
28938 0
28939 0
28940 0
28941 0
28942 0
28943 0
28944 0
28945 0
28946 0
28947 0
28948 0
28949 0
28950 0
28951 0
28952 0
28953 0
28954 0
28955 0
28956 0
28957 0
28958 0
28959 0
28960 0
28961 0
28962 0
28963 0
28964 0
28965 0
28966 0
28967 0
28968 0
28969 0
28970 0
28971 0
28972 0
28973 0
28974 0
28975 0
28976 0
28977 0
28978 0
28979 0
28980 0
28981 0
28982 0
28983 0
28984 0
28985 0
28986 0
28987 0
28988 0
28989 0
28990 0
28991 0
28992 0
28993 0
28994 0
28995 0
28996 0
28997 0
28998 0
28999 0
29000 0
29001 0
29002 0
29003 0
29004 0
29005 0
29006 0
29007 0
29008 0
29009 0
29010 0
29011 0
29012 0
29013 0
29014 0
29015 0
29016 0
29017 0
29018 0
29019 0
29020 0
29021 0
29022 0
29023 0
29024 0
29025 0
29026 0
29027 0
29028 0
29029 0
29030 0
29031 0
29032 0
29033 0
29034 0
29035 0
29036 0
29037 0
29038 0
29039 0
29040 0
29041 0
29042 0
29043 0
29044 0
29045 0
29046 0
29047 0
29048 0
29049 0
29050 0
29051 0
29052 0
29053 0
29054 0
29055 0
29056 0
29057 0
29058 0
29059 0
29060 0
29061 0
29062 0
29063 0
29064 0
29065 0
29066 0
29067 0
29068 0
29069 0
29070 0
29071 0
29072 0
29073 0
29074 0
29075 0
29076 0
29077 0
29078 0
29079 0
29080 0
29081 0
29082 0
29083 0
29084 0
29085 0
29086 0
29087 0
29088 0
29089 0
29090 0
29091 0
29092 0
29093 0
29094 0
29095 0
29096 0
29097 0
29098 0
29099 0
29100 0
29101 0
29102 0
29103 0
29104 0
29105 0
29106 0
29107 0
29108 0
29109 0
29110 0
29111 0
29112 0
29113 0
29114 0
29115 0
29116 0
29117 0
29118 0
29119 0
29120 0
29121 0
29122 0
29123 0
29124 0
29125 0
29126 0
29127 0
29128 0
29129 0
29130 0
29131 0
29132 0
29133 0
29134 0
29135 0
29136 0
29137 0
29138 0
29139 0
29140 0
29141 0
29142 0
29143 0
29144 0
29145 0
29146 0
29147 0
29148 0
29149 0
29150 0
29151 0
29152 0
29153 0
29154 0
29155 0
29156 0
29157 0
29158 0
29159 0
29160 0
29161 0
29162 0
29163 0
29164 0
29165 0
29166 0
29167 0
29168 0
29169 0
29170 0
29171 0
29172 0
29173 0
29174 0
29175 0
29176 0
29177 0
29178 0
29179 0
29180 0
29181 0
29182 0
29183 0
29184 0
29185 0
29186 0
29187 0
29188 0
29189 0
29190 0
29191 0
29192 0
29193 0
29194 0
29195 0
29196 0
29197 0
29198 0
29199 0
29200 0
29201 0
29202 0
29203 0
29204 0
29205 0
29206 0
29207 0
29208 0
29209 0
29210 0
29211 0
29212 0
29213 0
29214 0
29215 0
29216 0
29217 0
29218 0
29219 0
29220 0
29221 0
29222 0
29223 0
29224 0
29225 0
29226 0
29227 0
29228 0
29229 0
29230 0
29231 0
29232 0
29233 0
29234 0
29235 0
29236 0
29237 0
29238 0
29239 0
29240 0
29241 0
29242 0
29243 0
29244 0
29245 0
29246 0
29247 0
29248 0
29249 0
29250 0
29251 0
29252 0
29253 0
29254 0
29255 0
29256 0
29257 0
29258 0
29259 0
29260 0
29261 0
29262 0
29263 0
29264 0
29265 0
29266 0
29267 0
29268 0
29269 0
29270 0
29271 0
29272 0
29273 0
29274 0
29275 0
29276 0
29277 0
29278 0
29279 0
29280 0
29281 0
29282 0
29283 0
29284 0
29285 0
29286 0
29287 0
29288 0
29289 0
29290 0
29291 0
29292 0
29293 0
29294 0
29295 0
29296 0
29297 0
29298 0
29299 0
29300 0
29301 0
29302 0
29303 0
29304 0
29305 0
29306 0
29307 0
29308 0
29309 0
29310 0
29311 0
29312 0
29313 0
29314 0
29315 0
29316 0
29317 0
29318 0
29319 0
29320 0
29321 0
29322 0
29323 0
29324 0
29325 0
29326 0
29327 0
29328 0
29329 0
29330 0
29331 0
29332 0
29333 0
29334 0
29335 0
29336 0
29337 0
29338 0
29339 0
29340 0
29341 0
29342 0
29343 0
29344 0
29345 0
29346 0
29347 0
29348 0
29349 0
29350 0
29351 0
29352 0
29353 0
29354 0
29355 0
29356 0
29357 0
29358 0
29359 0
29360 0
29361 0
29362 0
29363 0
29364 0
29365 0
29366 0
29367 0
29368 0
29369 0
29370 0
29371 0
29372 0
29373 0
29374 0
29375 0
29376 0
29377 0
29378 0
29379 0
29380 0
29381 0
29382 0
29383 0
29384 0
29385 0
29386 0
29387 0
29388 0
29389 0
29390 0
29391 0
29392 0
29393 0
29394 0
29395 0
29396 0
29397 0
29398 0
29399 0
29400 0
29401 0
29402 0
29403 0
29404 0
29405 0
29406 0
29407 0
29408 0
29409 0
29410 0
29411 0
29412 0
29413 0
29414 0
29415 0
29416 0
29417 0
29418 0
29419 0
29420 0
29421 0
29422 0
29423 0
29424 0
29425 0
29426 0
29427 0
29428 0
29429 0
29430 0
29431 0
29432 0
29433 0
29434 0
29435 0
29436 0
29437 0
29438 0
29439 0
29440 0
29441 0
29442 0
29443 0
29444 0
29445 0
29446 0
29447 0
29448 0
29449 0
29450 0
29451 0
29452 0
29453 0
29454 0
29455 0
29456 0
29457 0
29458 0
29459 0
29460 0
29461 0
29462 0
29463 0
29464 0
29465 0
29466 0
29467 0
29468 0
29469 0
29470 0
29471 0
29472 0
29473 0
29474 0
29475 0
29476 0
29477 0
29478 0
29479 0
29480 0
29481 0
29482 0
29483 0
29484 0
29485 0
29486 0
29487 0
29488 0
29489 0
29490 0
29491 0
29492 0
29493 0
29494 0
29495 0
29496 0
29497 0
29498 0
29499 0
29500 0
29501 0
29502 0
29503 0
29504 0
29505 0
29506 0
29507 0
29508 0
29509 0
29510 0
29511 0
29512 0
29513 0
29514 0
29515 0
29516 0
29517 0
29518 0
29519 0
29520 0
29521 0
29522 0
29523 0
29524 0
29525 0
29526 0
29527 0
29528 0
29529 0
29530 0
29531 0
29532 0
29533 0
29534 0
29535 0
29536 0
29537 0
29538 0
29539 0
29540 0
29541 0
29542 0
29543 0
29544 0
29545 0
29546 0
29547 0
29548 0
29549 0
29550 0
29551 0
29552 0
29553 0
29554 0
29555 0
29556 0
29557 0
29558 0
29559 0
29560 0
29561 0
29562 0
29563 0
29564 0
29565 0
29566 0
29567 0
29568 0
29569 0
29570 0
29571 0
29572 0
29573 0
29574 0
29575 0
29576 0
29577 0
29578 0
29579 0
29580 0
29581 0
29582 0
29583 0
29584 0
29585 0
29586 0
29587 0
29588 0
29589 0
29590 0
29591 0
29592 0
29593 0
29594 0
29595 0
29596 0
29597 0
29598 0
29599 0
29600 0
29601 0
29602 0
29603 0
29604 0
29605 0
29606 0
29607 0
29608 0
29609 0
29610 0
29611 0
29612 0
29613 0
29614 0
29615 0
29616 0
29617 0
29618 0
29619 0
29620 0
29621 0
29622 0
29623 0
29624 0
29625 0
29626 0
29627 0
29628 0
29629 0
29630 0
29631 0
29632 0
29633 0
29634 0
29635 0
29636 0
29637 0
29638 0
29639 0
29640 0
29641 0
29642 0
29643 0
29644 0
29645 0
29646 0
29647 0
29648 0
29649 0
29650 0
29651 0
29652 0
29653 0
29654 0
29655 0
29656 0
29657 0
29658 0
29659 0
29660 0
29661 0
29662 0
29663 0
29664 0
29665 0
29666 0
29667 0
29668 0
29669 0
29670 0
29671 0
29672 0
29673 0
29674 0
29675 0
29676 0
29677 0
29678 0
29679 0
29680 0
29681 0
29682 0
29683 0
29684 0
29685 0
29686 0
29687 0
29688 0
29689 0
29690 0
29691 0
29692 0
29693 0
29694 0
29695 0
29696 0
29697 0
29698 0
29699 0
29700 0
29701 0
29702 0
29703 0
29704 0
29705 0
29706 0
29707 0
29708 0
29709 0
29710 0
29711 0
29712 0
29713 0
29714 0
29715 0
29716 0
29717 0
29718 0
29719 0
29720 0
29721 0
29722 0
29723 0
29724 0
29725 0
29726 0
29727 0
29728 0
29729 0
29730 0
29731 0
29732 0
29733 0
29734 0
29735 0
29736 0
29737 0
29738 0
29739 0
29740 0
29741 0
29742 0
29743 0
29744 0
29745 0
29746 0
29747 0
29748 0
29749 0
29750 0
29751 0
29752 0
29753 0
29754 0
29755 0
29756 0
29757 0
29758 0
29759 0
29760 0
29761 0
29762 0
29763 0
29764 0
29765 0
29766 0
29767 0
29768 0
29769 0
29770 0
29771 0
29772 0
29773 0
29774 0
29775 0
29776 0
29777 0
29778 0
29779 0
29780 0
29781 0
29782 0
29783 0
29784 0
29785 0
29786 0
29787 0
29788 0
29789 0
29790 0
29791 0
29792 0
29793 0
29794 0
29795 0
29796 0
29797 0
29798 0
29799 0
29800 0
29801 0
29802 0
29803 0
29804 0
29805 0
29806 0
29807 0
29808 0
29809 0
29810 0
29811 0
29812 0
29813 0
29814 0
29815 0
29816 0
29817 0
29818 0
29819 0
29820 0
29821 0
29822 0
29823 0
29824 0
29825 0
29826 0
29827 0
29828 0
29829 0
29830 0
29831 0
29832 0
29833 0
29834 0
29835 0
29836 0
29837 0
29838 0
29839 0
29840 0
29841 0
29842 0
29843 0
29844 0
29845 0
29846 0
29847 0
29848 0
29849 0
29850 0
29851 0
29852 0
29853 0
29854 0
29855 0
29856 0
29857 0
29858 0
29859 0
29860 0
29861 0
29862 0
29863 0
29864 0
29865 0
29866 0
29867 0
29868 0
29869 0
29870 0
29871 0
29872 0
29873 0
29874 0
29875 0
29876 0
29877 0
29878 0
29879 0
29880 0
29881 0
29882 0
29883 0
29884 0
29885 0
29886 0
29887 0
29888 0
29889 0
29890 0
29891 0
29892 0
29893 0
29894 0
29895 0
29896 0
29897 0
29898 0
29899 0
29900 0
29901 0
29902 0
29903 0
29904 0
29905 0
29906 0
29907 0
29908 0
29909 0
29910 0
29911 0
29912 0
29913 0
29914 0
29915 0
29916 0
29917 0
29918 0
29919 0
29920 0
29921 0
29922 0
29923 0
29924 0
29925 0
29926 0
29927 0
29928 0
29929 0
29930 0
29931 0
29932 0
29933 0
29934 0
29935 0
29936 0
29937 0
29938 0
29939 0
29940 0
29941 0
29942 0
29943 0
29944 0
29945 0
29946 0
29947 0
29948 0
29949 0
29950 0
29951 0
29952 0
29953 0
29954 0
29955 0
29956 0
29957 0
29958 0
29959 0
29960 0
29961 0
29962 0
29963 0
29964 0
29965 0
29966 0
29967 0
29968 0
29969 0
29970 0
29971 0
29972 0
29973 0
29974 0
29975 0
29976 0
29977 0
29978 0
29979 0
29980 0
29981 0
29982 0
29983 0
29984 0
29985 0
29986 0
29987 0
29988 0
29989 0
29990 0
29991 0
29992 0
29993 0
29994 0
29995 0
29996 0
29997 0
29998 0
29999 0


