1.3887943864964020896e-11 1
1.4599993973329360669e-11 1
1.5348551671425312147e-11 1
1.61354887434033546e-11 1
1.6962772941840653394e-11 1
1.7832472908146388809e-11 1
1.8746763345242746061e-11 1
1.9707930455455215621e-11 1
2.0718377657208855888e-11 1
2.1780631594826490112e-11 1
2.2897348456455529833e-11 1
2.4071320615921795793e-11 1
2.53054836151189146e-11 1
2.6602923504391593862e-11 1
2.7966884559269270712e-11 1
2.9400777392844725709e-11 1
3.0908187484083206844e-11 1
3.2492884143387881641e-11 1
3.415882993783852541e-11 1
3.5910190599673685758e-11 0.99999999999999977796
3.7751345442790977261e-11 0.99999999999999977796
3.9686898313312777542e-11 0.99999999999999977796
4.1721689101600130808e-11 0.99999999999999977796
4.3860805844498811926e-11 0.99999999999999977796
4.6109597448082222022e-11 0.99999999999999977796
4.8473687062702556194e-11 0.99999999999999977796
5.0958986143795462557e-11 0.99999999999999977796
5.3571709233598512676e-11 0.99999999999999977796
5.6318389500742720967e-11 0.99999999999999977796
5.9205895076577806195e-11 0.99999999999999977796
6.2241446229077826091e-11 0.99999999999999977796
6.5432633417271817547e-11 0.99999999999999977796
6.8787436271345855166e-11 0.99999999999999977796
7.2314243545873695824e-11 0.99999999999999955591
7.6021874096073508349e-11 0.99999999999999955591
7.991959892953932229e-11 0.99999999999999955591
8.4017164388588683923e-11 0.99999999999999955591
8.8324816521196332015e-11 0.99999999999999955591
9.2853326701449290551e-11 0.99999999999999955591
9.7614018563593815991e-11 0.99999999999999955591
1.0261879631701890183e-10 0.99999999999999955591
1.0788017451298005407e-10 0.99999999999999922284
1.1341130933749743057e-10 0.99999999999999922284
1.1922603150867141018e-10 0.99999999999999922284
1.2533888086068347267e-10 0.99999999999999922284
1.3176514270095466179e-10 0.99999999999999922284
1.3852088603137548851e-10 0.9999999999999990008
1.456230037291824755e-10 0.9999999999999990008
1.53089254787947624e-10 0.9999999999999990008
1.6093830872431428742e-10 0.9999999999999990008
1.6918979226151304294e-10 0.99999999999999877875
1.7786433840639205483e-10 0.99999999999999877875
1.8698363804268407379e-10 0.99999999999999877875
1.9657049416951025876e-10 0.99999999999999855671
2.0664887892075802076e-10 0.99999999999999855671
2.1724399350790170655e-10 0.99999999999999855671
2.2838233123615701352e-10 0.99999999999999833467
2.400917437515472235e-10 0.99999999999999833467
2.5240151068452068339e-10 0.99999999999999811262
2.6534241286428096319e-10 0.99999999999999811262
2.7894680928689246385e-10 0.99999999999999789058
2.9324871802962432838e-10 0.99999999999999777955
3.0828390131386690167e-10 0.99999999999999755751
3.2408995492930709835e-10 0.99999999999999755751
3.4070640224298909623e-10 0.99999999999999733546
3.5817479302831809861e-10 0.99999999999999733546
3.7653880736113435268e-10 0.99999999999999711342
3.9584436484266053402e-10 0.99999999999999711342
4.1613973942241488383e-10 0.99999999999999689138
4.3747568010823535384e-10 0.99999999999999655831
4.5990553786523166424e-10 0.99999999999999633626
4.8348539902098576837e-10 0.99999999999999633626
5.0827422551059154958e-10 0.99999999999999611422
5.3433400231219437885e-10 0.99999999999999589217
5.6172989244172995432e-10 0.99999999999999567013
5.9053039989440393255e-10 0.99999999999999533706
6.2080754094036016982e-10 0.99999999999999511502
6.5263702420287635484e-10 0.99999999999999489297
6.8609843996934408436e-10 0.99999999999999467093
7.2127545920845252439e-10 0.99999999999999444888
7.5825604279119065965e-10 0.9999999999999940048
7.9713266143883815519e-10 0.99999999999999367173
8.3800252694794600831e-10 0.99999999999999344968
8.8096783527044637175e-10 0.99999999999999311662
9.2613602205677541336e-10 0.99999999999999267253
9.7362003130095650119e-10 0.99999999999999233946
1.0235385977594124957e-09 0.99999999999999189537
1.0760165438497166299e-09 0.99999999999999167333
1.131185091771632632e-09 0.99999999999999111822
1.1891821916309783363e-09 0.99999999999999067413
1.2501528663867425645e-09 0.99999999999999023004
1.3142495744840162676e-09 0.99999999999998967493
1.3816325910795359155e-09 0.99999999999998911981
1.4524704088130316136e-09 0.99999999999998845368
1.5269401591266087272e-09 0.99999999999998789857
1.6052280551856116452e-09 0.99999999999998723244
1.6875298575085258531e-09 0.9999999999999865663
1.7740513634702649812e-09 0.99999999999998590017
1.8650089219027669766e-09 0.99999999999998512301
1.9606299740797897684e-09 0.99999999999998434586
2.0611536224385578699e-09 0.99999999999998367972
2.1668312284603901824e-09 0.99999999999998279154
2.277927041205362893e-09 0.99999999999998179234
2.394718858072555918e-09 0.99999999999998101519
2.5174987194382779079e-09 0.99999999999998001599
2.6465736389091170767e-09 0.99999999999997890576
2.7822663710158628985e-09 0.99999999999997779554
2.9249162182679900715e-09 0.99999999999997657429
3.0748798795866060639e-09 0.99999999999997535305
3.2325323422375904392e-09 0.9999999999999741318
3.3982678194950710658e-09 0.99999999999997279954
3.5725007363799340121e-09 0.99999999999997135625
3.7556667659382892501e-09 0.99999999999996991296
3.9482239186509444475e-09 0.99999999999996846967
4.1506536876982235661e-09 0.99999999999996680433
4.363462252943701748e-09 0.99999999999996525002
4.5871817466475081287e-09 0.99999999999996336264
4.822371584074214179e-09 0.99999999999996147526
5.0696198623222867308e-09 0.99999999999995947686
5.3295448308732218904e-09 0.99999999999995736744
5.602796437537267826e-09 0.99999999999995514699
5.8900579536614889197e-09 0.99999999999995292654
6.1920476826640169913e-09 0.99999999999995048405
6.5095207561668245171e-09 0.99999999999994781952
6.8432710222179877021e-09 0.99999999999994515498
7.1941330303253833913e-09 0.99999999999994249045
7.5629841182651400657e-09 0.99999999999993949285
7.9507466058830274476e-09 0.99999999999993638422
8.3583901013746084863e-09 0.99999999999993305355
8.7869339258105976914e-09 0.99999999999992961186
9.2374496619705943578e-09 0.99999999999992605915
9.7110638338581673143e-09 0.99999999999992228439
1.0208960723597601397e-08 0.99999999999991828759
1.0732385332756225021e-08 0.99999999999991406874
1.1282646495496604408e-08 0.99999999999990962785
1.1861120151343829898e-08 0.99999999999990496491
1.2469252785750988623e-08 0.99999999999990007993
1.3108565047066196775e-08 0.9999999999998949729
1.3780655548945718276e-08 0.99999999999988964383
1.4487204867720514147e-08 0.99999999999988387067
1.5229979744712629153e-08 0.99999999999987798649
1.6010837504008695639e-08 0.99999999999987165822
1.6831730696737536758e-08 0.9999999999998651079
1.7694711983465263204e-08 0.99999999999985822452
1.8601939266915510736e-08 0.99999999999985100807
1.9555681087850496038e-08 0.99999999999984323651
2.0558322297604484641e-08 0.9999999999998352429
2.1612370021454266625e-08 0.99999999999982680521
2.2720459927738555864e-08 0.9999999999998178124
2.3885362818401249782e-08 0.99999999999980848653
2.5109991557439818904e-08 0.99999999999979871657
2.6397408354582483021e-08 0.99999999999978839149
2.7750832422407466815e-08 0.99999999999977751131
2.9173648026051630543e-08 0.99999999999976618703
3.0669412945635550226e-08 0.9999999999997540856
3.2241867372567335056e-08 0.99999999999974154008
3.3894943261969243289e-08 0.99999999999972810638
3.5632774164613434749e-08 0.99999999999971433962
3.7459705562952451167e-08 0.99999999999969957365
3.9380305737088097698e-08 0.99999999999968425257
4.1399377187851668313e-08 0.99999999999966793229
4.3521968645557413089e-08 0.99999999999965094588
4.5753387694457955059e-08 0.99999999999963307129
4.8099214044470131188e-08 0.99999999999961441954
5.0565313483355202545e-08 0.99999999999959443553
5.3157852544244216329e-08 0.99999999999957378538
5.5883313925182677302e-08 0.99999999999955191399
5.8748512699252156616e-08 0.99999999999952904339
6.1760613355803632798e-08 0.99999999999950472951
6.4927147715411438974e-08 0.99999999999947941642
6.8256033763348699147e-08 0.99999999999945266005
7.1755595448674553942e-08 0.99999999999942457141
7.5434583498442317742e-08 0.9999999999993951505
7.9302197299076247061e-08 0.99999999999936406425
8.3368107899627711272e-08 0.99999999999933142369
8.7642482194436359788e-08 0.99999999999929722883
9.2136008345661348829e-08 0.9999999999992612576
9.6859922509253628378e-08 0.99999999999922317695
1.0182603693119985798e-07 0.99999999999918354199
1.0704676948428807146e-07 0.99999999999914168658
1.1253517471925911646e-07 0.9999999999990974997
1.1830497650798282928e-07 0.99999999999905131443
1.2437060236028695431e-07 0.99999999999900268666
1.3074721950024527054e-07 0.99999999999895150538
1.3745077279213959856e-07 0.99999999999889765956
1.4449802461092448087e-07 0.99999999999884126023
1.5190659675689612334e-07 0.9999999999987818633
1.5969501451937286238e-07 0.99999999999871935774
1.678827529995660272e-07 0.99999999999865363254
1.7649028580847912e-07 0.99999999999858479871
1.8553913626159783573e-07 0.99999999999851219012
1.9505193119839026327e-07 0.9999999999984359178
2.0505245756119267169e-07 0.9999999999983557597
2.1556572187495293313e-07 0.99999999999827127173
2.2661801277657099144e-07 0.99999999999818267593
2.3823696675018179733e-07 0.99999999999808952822
2.5045163723276172076e-07 0.99999999999799160655
2.6329256726285583506e-07 0.99999999999788868887
2.7679186585408022949e-07 0.99999999999778033111
2.9098328828438452738e-07 0.99999999999766653325
3.059023205018257859e-07 0.99999999999754696223
3.2158626785792395885e-07 0.99999999999742106294
3.3807434839047367079e-07 0.9999999999972889464
3.5540779088906283571e-07 0.99999999999714983545
3.7362993798852601689e-07 0.99999999999700384112
3.9278635454810392388e-07 0.99999999999685007523
4.1292494158732644946e-07 0.99999999999668853778
4.3409605606351464921e-07 0.99999999999651889571
4.563526367903985906e-07 0.99999999999634026082
4.7975033681273212879e-07 0.99999999999615274415
5.0434766256788802721e-07 0.99999999999595545752
5.3020612018242812128e-07 0.99999999999574806786
5.5739036926945955594e-07 0.99999999999553002006
5.8596838461134111932e-07 0.99999999999530087003
6.1601162613205269183e-07 0.99999999999506006265
6.4759521758422092718e-07 0.99999999999480670976
6.807981343976330681e-07 0.99999999999454047828
7.1570340115895201773e-07 0.99999999999426036901
7.5239829921641994669e-07 0.99999999999396615991
7.9097458492870222309e-07 0.99999999999365696279
8.3152871910356787709e-07 0.99999999999333166745
8.7416210820015781372e-07 0.99999999999298971876
9.1898135789795713712e-07 0.99999999999263033956
9.6609853966651164051e-07 0.99999999999225264169
1.0156314710024902621e-06 0.99999999999185540389
1.0677040100347826664e-06 0.99999999999143762697
1.1224463652343422445e-06 0.99999999999099875581
1.179995421003190923e-06 0.99999999999053723609
1.2404950799567112867e-06 0.99999999999005206863
1.3040966227551563021e-06 0.99999999998954181013
1.3709590863840844516e-06 0.99999999998900568343
1.4412496618296671897e-06 0.9999999999884420232
1.5151441121432489819e-06 0.99999999998784938615
1.5928272119405093302e-06 0.99999999998722644001
1.6744932094342660115e-06 0.99999999998657151945
1.7603463121561693431e-06 0.99999999998588318117
1.850601197581904768e-06 0.99999999998515920474
1.9454835499367136035e-06 0.99999999998439847992
2.0452306245234858874e-06 0.99999999998359845321
2.1500918409846271058e-06 0.99999999998275768132
2.2603294069810542395e-06 0.99999999998187361072
2.3762189738479387553e-06 0.99999999998094424303
2.4980503258666349501e-06 0.99999999997996724677
2.6261281048762988114e-06 0.99999999997894006842
2.7607725720371986468e-06 0.99999999997786037653
2.9023204086504040514e-06 0.99999999997672528451
3.0511255580364169758e-06 0.99999999997553179476
3.2075601105778547033e-06 0.99999999997427746479
3.3720152341391785889e-06 0.99999999997295851983
3.5449021521901520244e-06 0.99999999997157207332
3.7266531720786709382e-06 0.99999999997011457253
3.9177227660243280432e-06 0.99999999996858224272
4.1185887075357081622e-06 0.99999999996697142013
4.3297532660929704599e-06 0.99999999996527810797
4.5517444630832311616e-06 0.99999999996349786535
4.7851173921290087547e-06 0.9999999999616263624
5.0304556071114389971e-06 0.99999999995965882515
5.2883725813589636808e-06 0.99999999995759047966
5.5595132416501366992e-06 0.99999999995541621889
5.8445555808665665125e-06 0.9999999999531303807
6.1442123533282098064e-06 0.99999999995072719194
6.4592328570504509738e-06 0.9999999999482011015
6.790404807379470334e-06 0.99999999994554522598
7.1385563066908326992e-06 0.99999999994275323711
7.5045579150768580964e-06 0.9999999999398181405
7.8893248272002228786e-06 0.99999999993673260867
8.2938191607573568797e-06 0.99999999993348875904
8.7190523622738684865e-06 0.99999999993007870902
9.1660877362476019014e-06 0.99999999992649368785
9.6360431039638514095e-06 0.99999999992272503579
1.0130093598630710548e-05 0.99999999991876309391
1.0649474603824239023e-05 0.99999999991459787019
1.1195484842590939809e-05 0.9999999999102192616
1.1769489624931722883e-05 0.99999999990561616592
1.2372924261788221297e-05 0.99999999990077681478
1.3007297654067620466e-05 0.99999999989568966186
1.3674196065680938153e-05 0.99999999989034160652
1.4375287090029125018e-05 0.99999999988471921508
1.5112323819855006315e-05 0.99999999987880860974
1.588714923088848925e-05 0.99999999987259524659
1.6701700790245659262e-05 0.99999999986606280533
1.7558015301105841627e-05 0.99999999985919574286
1.8458233995780558133e-05 0.99999999985197651764
1.9404607889909405728e-05 0.99999999984438725509
2.0399503411171922149e-05 0.99999999983640874834
2.1445408316589163717e-05 0.99999999982802134646
2.2544937913212169595e-05 0.99999999981920373315
2.3700841597751968066e-05 0.99999999980993414805
2.491600973150316024e-05 0.99999999980018905443
2.6193480867753031103e-05 0.99999999978994469352
2.7536449349747158107e-05 0.99999999977917475302
2.894827329821151663e-05 0.99999999976785303168
3.0432483008403624531e-05 0.9999999997559506637
3.1992789777689164849e-05 0.99999999974343789511
3.3633095185718968041e-05 0.99999999973028375067
3.5357500850409981081e-05 0.99999999971645503472
3.7170318684126666276e-05 0.99999999970191744136
3.9076081675708077034e-05 0.99999999968663444427
4.1079555225300649467e-05 0.99999999967056785177
4.3185749060341274892e-05 0.99999999965367747379
4.5399929762484854173e-05 0.99999999963592101082
4.7727633936801882372e-05 0.99999999961725438702
5.017468205617528265e-05 0.99999999959763063995
5.2747193015513756998e-05 0.99999999957700069775
5.5451599432176945127e-05 0.99999999955531304607
5.8294663730868810766e-05 0.99999999953251350604
6.128349505322202434e-05 0.99999999950854479014
6.4425567034355417481e-05 0.99999999948334750144
6.772873649085377624e-05 0.99999999945685813518
7.1201263066902732257e-05 0.9999999994290106331
7.4851829887700598075e-05 0.99999999939973538421
7.8689565271794560436e-05 0.99999999936895911379
8.2724065556632228428e-05 0.9999999993366049944
8.6965419094402917526e-05 0.99999999930259197978
9.1424231478173269543e-05 0.99999999926683513785
9.6111652061394694992e-05 0.99999999922924498463
0.00010103940183709324231 0.99999999918972770629
0.00010621980274645874995 0.99999999914818404889
0.00011166580849011477719 0.99999999910451042862
0.00011739103691911796493 0.99999999905859759952
0.00012340980408667956121 0.99999999901033098659
0.00012973716004575379834 0.99999999895958957552
0.00013638892648201139906 0.99999999890624646781
0.00014338173627629317722 0.99999999885016854773
0.00015073307509547650366 0.9999999987912155941
0.00015846132511575125546 0.99999999872923983624
0.00016658581098763324121 0.99999999866408662008
0.0001751268481576584218 0.99999999859559285387
0.0001841057936675791944 0.9999999985235873412
0.00019354509955809382914 0.99999999844789022596
0.00020346836901064416854 0.99999999836831166
0.00021390041536766110555 0.99999999828465324647
0.00022486732417884819466 0.99999999819670548629
0.00023639651842864071963 0.99999999810424855529
0.00024851682710795184802 0.99999999800705130504
0.00026125855730166754011 0.99999999790487070772
0.0002746535699721420489 0.99999999779745107897
0.00028873535962820301003 0.99999999768452407789
0.0003035391380788667764 0.99999999756580704169
0.00031910192248120326135 0.99999999744100331878
0.00033546262790251185322 0.99999999730980082546
0.00035266216462825574927 0.99999999717187137982
0.00037074354045908822003 0.99999999702687003555
0.00038975196825275447952 0.99999999687443441587
0.00040973497897978642833 0.99999999671418315916
0.00043074254057568752904 0.99999999654571569696
0.00045282718288679695397 0.99999999636861092167
0.00047604412902226933384 0.99999999618242563226
0.00050045143344061039908 0.99999999598669431222
0.0005261101271160632158 0.99999999578092779728
0.00055308437014783362693 0.99999999556461138805
0.00058144161219375557412 0.99999999533720418388
0.0006112527611295723003 0.99999999509813752852
0.00064259236035555734098 0.9999999948468136779
0.00067553877519384373639 0.99999999458260424579
0.00071017438884254902812 0.99999999430484842744
0.00074658580837667920267 0.99999999401285155631
0.00078486408131093164664 0.99999999370588399383
0.00082510492326590384026 0.99999999338317790976
0.00086740895730700174997 0.99999999304392617194
0.00091188196555451624375 0.99999999268728068103
0.00095863515369401985835 0.99999999231234959485
0.0010077854290485104526 0.99999999191819533007
0.0010594556929076090566 0.99999999150383245272
0.0011137751478448023809 0.99999999106822468065
0.0011708796207911744292 0.99999999061028266301
0.0012309119026734809989 0.99999999012886175986
0.0012940221054658480014 0.99999998962275782333
0.0013603680375478927837 0.99999998909070519915
0.0014301155983078731124 0.99999998853137372912
0.0015034391929775723674 0.99999998794336486529
0.0015805221687362170594 0.99999998732520811728
0.0016615572731739339154 0.99999998667535761054
0.0017467471362611181572 0.99999998599218875572
0.0018363047770289056028 0.99999998527399303061
0.0019304541362277093022 0.99999998451897464946
0.0020294306362957340202 0.999999983725245567
0.0021334817700377080828 0.99999998289082148162
0.0022428677194858011833 0.99999998201361517403
0.0023578620064902307274 0.99999998109143384273
0.0024787521766663584907 0.99999998012197111041
0.0026058405184084983131 0.99999997910280313818
0.0027394448187683683761 0.99999997803138107599
0.0028798991580882404157 0.9999999769050263998
0.0030275547453758127302 0.99999997572092214071
0.0031827807965096668874 0.99999997447610755597
0.0033459654574712720254 0.99999997316747013532
0.0035175167749121284341 0.99999997179173738537
0.0036978637164829289939 0.9999999703454692801
0.0038874572434761268253 0.99999996882504960105
0.004086771438464066597 0.99999996722667650051
0.0042963046907523397971 0.99999996554635295354
0.004516580942612665947 0.99999996377987743212
0.0047481509994114733109 0.99999996192283313601
0.0049915939069102126247 0.99999995997057589125
0.0052475183991813846227 0.99999995791822471336
0.0055165644207607715532 0.99999995576064726333
0.0057994047268421413527 0.99999995349244852338
0.0060967465655156326959 0.99999995110795669717
0.0064093334462563770343 0.99999994860120977602
0.0067379469990854670008 0.99999994596593932972
0.007083408929052118462 0.99999994319555574052
0.0074465830709243381255 0.99999994028313177186
0.0078283775492257665074 0.99999993722138513785
0.008229747049020023214 0.99999993400265962951
0.0086516952031206340729 0.99999993061890635193
0.0090952771016958155331 0.99999992706166518364
0.0095616019305435045322 0.99999992332204046264
0.01005183574463357557 0.99999991939068155755
0.010567204383852654703 0.99999991525775799861
0.011108996538242306082 0.99999991091293538581
0.01167856697039544242 0.9999999063453494097
0.012277339903068435964 0.99999990154357876193
0.01290681258047986224 0.99999989649561704663
0.013568559012200933842 0.99999989118884125006
0.014264233908999255501 0.99999988560998220866
0.014995576820477703184 0.99999987974508974808
0.015764416484854486267 0.99999987357949882139
0.016572675401761237379 0.99999986709779220551
0.017422374639493514586 0.99999986028376264269
0.018315638888734178669 0.99999985312037154017
0.019254701775386920404 0.99999984558970711479
0.020241911445804380842 0.9999998376729387628
0.021279736438377168384 0.99999982935027076358
0.022370771856165590913 0.99999982060089254166
0.023517745856009106969 0.99999981140292604209
0.024723526470339388106 0.99999980173337221778
0.025991128778755333284 0.99999979156805218761
0.027323722447292558835 0.99999978088154817257
0.028724639654239422781 0.99999976964713843675
0.030197383422318500867 0.99999975783673167307
0.031745636378067938754 0.99999974542079639317
0.033373269960326065742 0.99999973236828698653
0.035084354100845024926 0.99999971864656556075
0.036883167401239994043 0.99999970422132189452
0.038774207831722008744 0.99999968905648595197
0.040762203978366211288 0.99999967311413873183
0.042852126867040166158 0.99999965635441689926
0.045049202393557800927 0.99999963873541353188
0.047358924391140908017 0.99999962021307342575
0.049787068367863944462 0.99999960074108218411
0.052339705948432381499 0.99999958027075119826
0.055023220056407209921 0.99999955875089552304
0.057844320874838456303 0.99999953612770631217
0.060810062625217951859 0.99999951234461559313
0.063927861206707570219 0.99999948734215582391
0.067205512739749756479 0.99999946105780979089
0.070651213060429568502 0.99999943342585584372
0.074273578214333876857 0.99999940437720269415
0.078081666001153127166 0.99999937383921677636
0.082084998623898799974 0.99999934173554094752
0.086293586499370494858 0.99999930798590375147
0.090717953289412470164 0.99999927250591691408
0.09536916221554961326 0.99999923520686773148
0.10025884372280370604 0.99999919599549413896
0.10539922456186433253 0.99999915477375356243
0.11080315836233387006 0.99999911143857667106
0.11648415777349696576 0.99999906588161024956
0.12245642825298190537 0.9999990179889464148
0.12873490358780417808 0.99999896764083717748
0.13533528323661270232 0.99999891471139623622
0.14227407158651353414 0.99999885906828289706
0.14956861922263503528 0.99999880057237289233
0.15723716631362760765 0.99999873907740921553
0.16529888822158653183 0.99999867442963707997
0.17377394345044513968 0.99999860646741955961
0.18268352405273460826 0.99999853502083413392
0.19204990862075407843 0.99999845991124647338
0.2018965179946553834 0.99999838095086590606
0.21224797382674304158 0.99999829794227412805
0.22313016014842981805 0.99999821067793370766
0.23457028809379762424 0.99999811893966772391
0.24659696394160643407 0.99999802249811597932
0.25924026064589150709 0.99999792111216012636
0.2725317930340125927 0.99999781452832259276
0.28650479686019009185 0.99999770248013264418
0.30119421191220202561 0.99999758468746036133
0.31663676937905316233 0.99999746085581675548
0.33287108369807955066 0.99999733067561791255
0.34993774911115532733 0.99999719382141138979
0.36787944117144233402 0.99999704995106375449
0.38674102345450117602 0.99999689870490438004
0.40656965974059910973 0.9999967397048283857
0.42741493194872665073 0.99999657255335150374
0.44932896411722156316 0.99999639683261631884
0.47236655274101468915 0.99999621210335021271
0.49658530379140947142 0.9999960179037665764
0.52204577676101604489 0.99999581374841217674
0.54881163609402638937 0.99999559912695468178
0.57694981038048664956 0.99999537350290812476
0.60653065971263342426 0.99999513631229319799
0.63762815162177333139 0.99999488696222871287
0.67032004603563932754 0.99999462482945222774
0.7046880897187134396 0.99999434925876273805
0.7408182206817178761 0.99999405956138587293
0.77880078307140487848 0.99999375501325427074
0.81873075307798182099 0.99999343485320013603
0.860707976425057808 0.99999309828105575892
0.90483741803595951758 0.99999274445565722313
0.95122942450071401588 0.99999237249274386397
1 0.9999919814627538095
1.0512710963760241167 0.99999157038850405854
1.1051709180756477124 0.99999113824275309703
1.161834242728283062 0.99999068394563872531
1.2214027581601698547 0.99999020636198554524
1.2840254166877413944 0.99998970429847433561
1.3498588075760031835 0.99998917650066621032
1.4190675485932573441 0.99998862164987689649
1.4918246976412703475 0.99998803835988980815
1.5683121854901689307 0.99998742517350103221
1.6487212707001281942 0.99998678055888956528
1.7332530178673952737 0.99998610290580192128
1.822118800390509108 0.9999853905215405625
1.915540829013896218 0.9999846416267501592
2.0137527074704766328 0.99998385435098857688
2.1170000166126747843 0.99998302672806960167
2.2255409284924678737 0.99998215669117263005
2.3396468519259912 0.99998124206770000466
2.4596031111569498506 0.99998028057387455814
2.5857096593158463982 0.99997926980906048922
2.7182818284590450908 0.99997820724979835649
2.8576511180631638531 0.99997709024353254037
3.0041660239464333948 0.99997591600202417883
3.1581929096897680687 0.99997468159442659541
3.3201169227365481262 0.99997338394001100692
3.4903429574618414222 0.99997201980052174974
3.6692966676192444453 0.99997058577214470443
3.8574255306969744694 0.99996907827706837946
4.0551999668446754299 0.99996749355461700404
4.2631145151688185635 0.99996582765193575693
4.4816890703380645178 0.9999640764142038174
4.7114701825907419064 0.99996223547435258983
4.9530324243951149299 0.9999603002422655651
5.2069798271798495293 0.99995826589343161928
5.4739473917272007952 0.99995612735702688045
5.7546026760057307214 0.99995387930339540983
6.0496474644129465403 0.99995151613089983123
6.3598195226018319204 0.99994903195211037872
6.6858944422792703222 0.99994642057929961076
7.0286875805892945479 0.99994367550920870702
7.3890560989306504069 0.99994078990705115295
7.7679011063067742171 0.9999377565897131781
8.1661699125676516786 0.99993456800811486573
8.5848583971778928969 0.9999312162286901895
9.0250134994341220107 0.99992769291394167919
9.4877358363585262424 0.99992398930202697205
9.9741824548147235419 0.99992009618532995407
10.485569724727575647 0.99991600388796653132
11.023176380641604766 0.99991170224217573725
11.588346719223391545 0.9999071805635415533
12.182493960703473235 0.99990242762499015328
12.807103782663036284 0.99989743162950428523
13.463738035001691529 0.99989218018149705891
14.154038645375807803 0.99988666025677641613
14.879731724872836907 0.99988085817104033204
15.642631884188171298 0.99987475954683113777
16.444646771097055193 0.99986834927887890956
17.287781840567639335 0.99986161149775831802
18.174145369443067466 0.99985452953178632907
19.105953728231650501 0.99984708586707371492
20.085536923187667924 0.99983926210565476911
21.115344422540616165 0.99983103892160440918
22.197951281441635984 0.99982239601505484838
23.336064580942721847 0.99981331206402057621
24.532530197109352343 0.99980376467393317075
25.790339917193062291 0.99979373032479268435
27.112638920657893493 0.99978318431582613446
28.502733643767282246 0.99977210070755540006
29.964100047397025151 0.99976045226116172504
31.500392308747937165 0.99974821037503680543
33.115451958692311507 0.99973534501840766175
34.813317487602027711 0.99972182466191450434
36.598234443677988281 0.99970761620502857081
38.474666049032137494 0.99969268490017793027
40.447304360067398932 0.99967699427346623509
42.521082000062783379 0.99966050604185130446
44.701184493300836209 0.99964318002665708551
46.993063231579284889 0.99962497406328898464
49.402449105530187978 0.99960584390702178492
51.935366834831441452 0.99958574313472736694
54.598150033144236204 0.99956462304241200378
57.397457045446188317 0.99954243253843078065
60.340287597361999872 0.99951911803225068631
63.434000298123343953 0.99949462331863336839
66.686331040925153957 0.99946888945711354069
70.105412346687856484 0.99944185464665269425
73.699793699595787189 0.99941345409534809718
77.478462925260899397 0.99938361988509549771
81.45086866496814082 0.99935228083109339803
85.626944002200588102 0.99931936233610341169
90.017131300521810999 0.9992847862393812175
94.632408314924063575 0.99924847066020561215
99.48431564193386123 0.99921032983595570176
104.5849855771142245 0.99917027395469093509
109.94717245212352452 0.99912820898221854637
115.58428452718766266 0.99908403648364474403
121.51041751873496821 0.99903765343943928823
127.74038984602891844 0.99898895205606219605
134.28977968493552453 0.99893781957123539694
141.17496392147685924 0.99888413805397668899
148.41315910257659993 0.99882778419954565408
156.02246448639510845 0.99876862911949759738
164.02190729990184082 0.99870653812708076735
172.4314903168543367 0.9986413705182686229
181.27224187515122367 0.99857297934876121381
190.56626845862999176 0.9985012112073601287
200.33680997479183361 0.9984259059861713137
210.60829786667454755 0.99834689664817211074
221.40641620418716684 0.99826400899273415313
232.75816590766208947 0.99817706141978390644
244.69193226422038379 0.99808586469336202374
257.23755590577496832 0.99799022170542162069
270.42640742615276395 0.99788992724080793906
284.29146582392093023 0.99778476774445001851
298.86740096706029135 0.99767452109189669329
314.19066028569420723 0.99755895636443547847
330.29955990964890589 0.99743783363013249765
347.23438047873474943 0.99731090373224628998
365.03746786532889246 0.99717790808657869039
383.75333906111188753 0.99703857848942700759
403.42879349273511025 0.99689263693792540266
424.1130300447645709 0.99673979546465840684
445.85777008251716325 0.99657975598854153798
468.71738678241700882 0.99641221018405956578
492.74904109325632362 0.99623683937104468011
518.01282466834197749 0.99605331442726052771
544.5719101259294348 0.99586129572613157901
572.49270901367140141 0.9956604331020119103
601.84503787208223002 0.99545036584543478142
632.7022928122535177 0.9952307227308085924
665.14163304436181079 0.99500112207902968731
699.24417381588580156 0.99476117185746804061
735.09518924197323031 0.99451046981974056127
772.78432553514994652 0.99424860368762191243
812.40582516754329845 0.99397515137734859803
854.05876252615155408 0.99368968127245715927
897.84729165041835586 0.9933917525451392283
943.88090667157894131 0.99308091552792998602
992.2747156050262447 0.99275671213733962528
1043.1497281803031001 0.99241867635080505128
1096.6331584284585006 0.99206633473809735513
1152.8587427833886068 0.99169920704804082057
1211.967074492577467 0.99131680685112377738
1274.1059551734540491 0.99091864223827763603
1339.4307643944180199 0.99050421657580822732
1408.1048482046955996 0.99007302931616070207
1480.2999275845463671 0.9896245768639138074
1556.1965278371546901 0.98915835349611203053
1635.9844299959270302 0.98867385233580429293
1719.8631453759228407 0.98817056637740252611
1808.0424144560631703 0.98764798956228905258
1900.7427313395805868 0.98710561790290807238
1998.1958951041190176 0.98654295065344455029
2100.6455894201776573 0.98595949152506501267
2208.3479918872089911 0.9853547499436096091
2321.5724146110569563 0.98472824234753997263
2440.6019776245007051 0.98407949352388401909
2565.7343168348011204 0.98340803797984455148
2697.2823282685099002 0.98271342134765637955
2835.5749504745103877 0.98199520182016586389
2980.9579870417283018 0.9812529516144595787
3133.7949712882254971 0.98048625846067993805
3294.468075283840335 0.97969472711292426848
3463.3790654794547663 0.97887798087881672249
3640.950307332358534 0.97803566316400147862
3827.6258214399063036 0.97716743902740010874
4023.8723938223129153 0.97627299674263778861
4230.1807431307943261 0.97535204936058428338
4447.0667476998578422 0.97440433626748335083
4675.0727355117924162 0.97342962473268390688
4914.7688402991343537 0.97242771143954520596
5166.7544271759952608 0.97139842399269105133
5431.6595913629780625 0.97034162239443755293
5710.1467337535086699 0.96925720048291030828
6002.9122172610286725 0.968145087324132958
6310.6881080890243538 0.96700524855015623782
6634.244006277889639 0.96583768763516397726
6974.3889701058160426 0.96464244710136215488
7331.9735391559952404 0.96341960964638739817
7707.8918611085264274 0.96216929918391669307
8103.083927575384223 0.96089168178913086926
8518.5379245691183314 0.95958696654067154874
8955.2927034825079318 0.95825540625073335477
9414.4403787582723453 0.95689729807490941926
9897.1290587439270894 0.95551298399336215272
10404.565716560722649 0.95410285115474269269
10938.01920816519123 0.95266733207401688155
11498.823445149819236 0.95120690467489665831
12088.380730216988013 0.94972209216687553113
12708.165263666025567 0.94821346274592532843
13359.726829661873126 0.94668162910671249666
14044.694671502829806 0.94512724775281231615
14764.781565577293804 0.94355101808998553814
15521.788104196934 0.94195368128628786941
16317.607198015450194 0.9403360188818766785
17154.228809290983918 0.93869885113115014708
18033.744927828523942 0.93704303506055230955
18958.354802043868403 0.93536946222731853773
19930.370438230296713 0.93367905616776269984
20952.222381778676208 0.93197276952857976973
22026.465794806717895 0.93025158088099169085
23155.786845395465207 0.92851649122530777181
24343.009424408421182 0.92676852020229727458
25591.102206689702143 0.92500870203732565855
26903.186074297591404 0.92323808125302431193
28282.541920334977476 0.92145770819584549294
29732.618852891435381 0.9196686344306793659
31257.04281960964363 0.91787190806532992227
32859.625674443326716 0.91606856907261435818
34544.374709277806687 0.91425964468188025691
36315.502674246636161 0.91244614491356679231
38177.438311801721284 0.91062905832996932087
40134.837430875850259 0.90880934807256130714
42192.594548830296844 0.90698794825112749596
44355.85513029791764 0.90516576074268617624
46630.028453524326324 0.90334365244890924007
49020.801136381749529 0.90152245304967937312
51534.151355875124864 0.89970295327787064288
54176.363796698751685 0.89788590372668264372
56954.045366221871518 0.89607201418636250878
59874.141715197816666 0.89426195349234349763
62943.954605509490648 0.89245634985231325764
66171.160168376693036 0.89065579160612806664
69563.82809868278855 0.88886082836047197731
73130.441833415578003 0.88707197243041557844
76879.919764677761123 0.88528970051316502321
80821.637540313604404 0.88351445551577301174
84965.451507911173394 0.88174664845875327934
89321.72336080558307 0.87998666038141504231
93901.346047710074345 0.87823484418217823144
98715.771010760494391 0.87649152633765770037
103777.03682008679607 0.87475700845728721067
109097.79927650773607 0.87303156864484177113
114691.36305762556731 0.8713154626534835856
120571.71498645073734 0.86960892483596519131
126753.55900574341649 0.86791216890545042073
133252.35294553101994 0.86622538853429664751
140084.34717573341914 0.86454875782746731794
147266.62524055270478 0.86288243171354916949
154817.14657623300445 0.86122654629948802718
162754.79141900391551 0.85958121923506791706
171099.4080155074771 0.85794655013007148359
179871.86225375134381 0.85632262106133971713
189094.08983869815711 0.85470949719907463038
198789.15114295473904 0.85310722757234658253
208981.28886971296743 0.85151584598348983857
219695.98867213790072 0.84993537207060798622
230960.04288077313686 0.84836581250738218873
242801.61749832364148 0.8468071623203607956
255250.32262933487073 0.84525940629637408286
268337.28652087447699 0.84372252044701701035
282095.23339936719276 0.84219647349345383436
296558.56529820332071 0.84068122833322000975
311763.44808074261528 0.83917674345111592515
327747.90187381219584 0.83768297423855897499
344551.89613782369997 0.83619987418958219294
362217.44961124815745 0.83472739594674782992
380788.73537934437627 0.83326549217622691845
400312.19132988259662 0.83181411625786150221
420836.63627205468947 0.83037322278288494548
442413.39200892049121 0.82894276785889342563
465096.41166865389096 0.82752270922843029766
488942.41461546072969 0.82611300621405703293
514011.02827753539896 0.82471361950890220704
540364.93724669248331 0.823324510837339818
568070.0400224912446 0.8219456425155533541
597195.61379281664267 0.82057697694618914053
627814.48766292748041 0.81921847608496878301
660003.22476615686901 0.81787010091985434812
693842.3137116295984 0.81653181100495098033
729416.36984770128038 0.81520356409159844269
766814.34684441296849 0.81388531589781287767
806129.75912399135996 0.81257702005423615432
847460.91569561767392 0.81127862825984609074
890911.16597916185856 0.8099900906738258799
936589.15823255444411 0.8087113565611631083
984609.11122903565411 0.80744237519891903787
1035091.0998635716969 0.80618309703791424248
1088161.3554026405327 0.80493347510127688516
1143952.5811281548813 0.80369346658748230805
1202604.2841647767927 0.80246303463190926664
1264263.1243204092607 0.80124215016838784553
1329083.2808120951522 0.80003079382162378685
1397226.8377943730447 0.79882895775355755585
1468864.1896540964954 0.79763664738245909636
1544174.4670851405244 0.79645388289333340914
1623345.9850084595382 0.7952807004623521081
1706576.7134574612137 0.79411715312644903797
1794074.7726062149741 0.79296331124160346349
1886058.9531783030834 0.79181926248900336152
1982759.2635375687387 0.79068511140637265378
2084417.5048288593534 0.78956097844117589801
2191287.8756068130024 0.78844699854205491096
2303637.6074646604247 0.78734331932357826123
2421747.6332524162717 0.78625009885614738359
2545913.2895553060807 0.78516750314684480294
2676445.0551890986972 0.78409570338748690865
2813669.3275588336401 0.78303487305274288577
2957929.2388223623857 0.78198518493379898242
3109585.5138994855806 0.78094680819179373987
3269017.3724721106701 0.77991990551049372726
3436623.4772310275584 0.77890463041995627869
3612822.9307402488776 0.77790112485292395306
3798056.3234117380343 0.77690951698414967286
3992786.8352109515108 0.77592991939055422357
4197501.393847967498 0.77496242755778388389
4412711.8923504455015 0.77400711874702854409
4638956.4690627753735 0.77306405122539945118
4876800.8532722685486 0.7721332638541111848
5126839.7798270704225 0.77121477602136556673
5389698.476283011958 0.7703085879011811743
5666034.2262982325628 0.76941468101527599188
5956538.0131846247241 0.76853301907214821576
6261936.2477260576561 0.76766354905528166874
6582992.5845837434754 0.76680620253041631429
6920509.8318305807188 0.76596089713963644297
7275331.9583895932883 0.76512753824729862195
7648346.2043957589194 0.76430602069939879151
8040485.2997585227713 0.76349623065396543531
8452729.7964724525809 0.76269804743581615103
8886110.5205078721046 0.76191134536511373465
9341711.1494128387421 0.76113599550636479307
9820670.9220713712275 0.7603718672836362602
10324187.487394116819 0.75961882990957707573
10853519.899064410478 0.75887675358088479971
11409991.763828445226 0.7581455104014255264
11994994.551201341674 0.7574249750061452513
12609991.072865877301 0.75671502487371122836
13256519.14046359621 0.75601554033254880771
13936195.410924874246 0.75532640428240638286
14650719.428953517228 0.75464750167042826678
15401877.876773491502 0.75397871877554212272
16191549.04176530987 0.75331994236654309383
17021707.513162791729 0.75267105880662188433
17894429.11955460161 0.75203195317963478228
18811896.119537230581 0.75140250851100909291
19776402.658497788012 0.7507826051490801289
20790360.505172703415 0.75017212036153846366
21856305.082325711846 0.74957092818749460061
22976901.80662535131 0.74897889956962337976
24154952.753575298935 0.74839590277419121289
25393403.664162181318 0.74782180409071397076
26695351.310742743313 0.74725646878865070732
28064051.240587674081 0.74669976229675039114
29502925.916445437819 0.74615155156201828923
31015573.274482231587 0.74561170653998920521
32605775.720995869488 0.7450801017660327874
34277509.59040209651 0.74455661795835481609
36034955.088141717017 0.74404114360665452033
37882506.743371419609 0.74353357650525531142
39824784.397576227784 0.74303382519520322358
41866644.75657876581 0.7425418102855739777
44013193.534834109247 0.7420574656294872673
46269798.2223752141 0.74158073933472246075
48642101.50633366406 0.74111159459223885371
51136035.380597278476 0.74065001030843813368
53757835.978883691132 0.74019598152897303489
56514059.16832357645 0.7397495196437227083
59411596.942543059587 0.73931065236469184487
62457694.65523750335 0.73887942347147472777
65659969.137330509722 0.73845589232281483305
69026427.74301739037 0.73804013313777794281
72565488.37232235074 0.73763223405600231164
76286000.520233005285 0.7372322959929836772
80197267.405047059059 0.7368404313128501526
84309069.231265053153 0.73645676234688073336
88631687.64519418776 0.73608141979040553338
93175931.444420665503 0.73571454101306876794
97953163.605433434248 0.73535626831731115693
102975329.69698376954 0.73500674717715142048
108254987.75023075938 0.73466612448409585046
113805339.66035822034 0.73433454681974608125
119640264.19819068909 0.73401215876619940737
125774351.71434918046 0.73369910125658333033
132222940.62272715569 0.73339550996012548012
139002155.75451639295 0.73310151368998910382
146128948.6786814034 0.73281723281856547825
153621140.08971327543 0.7325427776844813943
161497464.36864775419 0.73227824697846788382
169777616.42877572775 0.73202372610115973295
178482300.96318724751 0.73177928549429716032
187633284.21728548408 0.73154497895675685282
197253448.41573998332 0.73132084196726343528
207366848.97996664047 0.73110689004537221525
217998774.67921108007 0.73090311719024170234
229175810.86564341187 0.73070949444197275113
240925905.95158943534 0.73052596861220997493
253278441.29511445761 0.73035246122908104027
266264304.66872560978 0.73018886773651148214
279915967.49489104748 0.73003505698002113533
294267566.04150879383 0.72989087100113703155
309354986.78036123514 0.72975612515158949645
325215956.12198102474 0.72963060852763528263
341890134.75133216381 0.72951408471524548105
359419216.80017977953 0.72940629282938629352
377847034.10413581133 0.72930694882573232629
397219665.80508410931 0.72921574706107339381
417585553.57302892208 0.72913236207909848385
438995622.73550736904 0.72905645060057888696
461503409.6174325943 0.72898765370024876109
485165195.40979027748 0.72892559915589483222
510040146.90193855762 0.72886990395721429348
536190464.42938965559 0.72882017696206502499
563681537.40705442429 0.72877602168522881421
592582107.83683729172 0.72873703919961541065
622964442.19844543934 0.7287028311222368826
654904512.15323853493 0.72867300264800216603
688482184.51294064522 0.72864716558445730143
723781420.94827973843 0.72862494133126198825
760890487.93689513206 0.7286059637407316103
799902177.47550535202 0.72858988179131800589
840914039.10824418068 0.72857636200532593929
884028623.85131514072 0.72856509054595330888
929353740.623960495 0.7285557749369450109
977002725.82691073418 0.72854814536035250594
1027094726.7424175739 0.72854195550331746212
1079754999.4645349979 0.72853698294233448784
1135115222.104575634 0.72853302907184158688
1193313824.0549921989 0.72852991860191851359
1254496332.1349582672 0.72852749866609689544
1318815734.4832146168 0.72852563759379262986
1386432863.1081213951 0.72852422341183642462
1457516796.0514259338 0.72852316214558898722
1532245280.171453476 0.72852237599200420082
1610805175.602833271 0.72852180143494338349
1693392923.0041596889 0.72852138736749394443
1780215034.7619841099 0.72852109327766423341
1871488611.3793141842 0.72852088754344579424
1967441884.3399758339 0.72852074587172799269
2068314786.806198597 0.72852064990382492393
2174359553.5764884949 0.72852058599920743731
2285841351.8040390015 0.72852054419911471683
2403038944.0526866913 0.72852051736350131872
2526245385.3485527039 0.72852050046852745435
2655768755.970246315 0.72852049004759988904
2791932931.8100223541 0.72852048375667077806
2935078394.2322511673 0.72852048004386582569
3085563081.4541211128 0.72852047790419027784
3243763283.5776596069 0.7285204767016775218
3410074583.5109801292 0.72852047604353253885
3584912846.1315917969 0.72852047569327094134
3768715258.1652536392 0.72852047551230059153
3961941421.3804397583 0.72852047542167996941
4165074501.8322005272 0.72852047537778052977
4378622438.028963089 0.72852047535724606675
4603119211.0433540344 0.72852047534799013739
4839126179.7430887222 0.72852047534397834649
5087233484.4804420471 0.72852047534231001436
5348061522.7505788803 0.72852047534164576792
5622262500.508433342 0.72852047534139319218
5910522063.0232906342 0.72852047534130182083
6213561009.3491783142 0.72852047534127029049
6532137094.6978302002 0.72852047534126007644
6867046925.2214889526 0.72852047534125674577
7219127949.9432048798 0.72852047534125607964
7589260554.8155698776 0.72852047534125563555
7978370264.144282341 0.72852047534125563555
8387430054.8808345795 0.72852047534125563555
8817462789.5717964172 0.72852047534125563555
9269543774.0479450226 0.72852047534125563555
9744803446.2489032745 0.72852047534125563555
10244430202.90694809 0.72852047534125563555
10769673371.157649994 0.72852047534125563555
11321846332.508581161 0.72852047534125563555
11902329806.977170944 0.72852047534125563555
12512575305.609886169 0.72852047534125563555
13154108760.016078949 0.72852047534125563555
13828534337.991575241 0.72852047534125563555
14537538454.773908615 0.72852047534125563555
15282893989.958787918 0.72852047534125563555
16066464720.622478485 0.72852047534125563555
16890209981.735515594 0.72852047534125563555
17756189565.520374298 0.72852047534125563555
18666568872.005134583 0.72852047534125563555
19623624323.651412964 0.72852047534125563555
20629749057.596176147 0.72852047534125563555
21687458909.741397858 0.72852047534125563555
22799398705.653823853 0.72852047534125563555
23968348874.006816864 0.72852047534125563555
25197232399.100204468 0.72852047534125563555
26489122129.843471527 0.72852047534125563555
27847248463.478969574 0.72852047534125563555
29275007423.257106781 0.72852047534125563555
30775969150.263763428 0.72852047534125563555
32353886830.632499695 0.72852047534125563555
34012706080.464736938 0.72852047534125563555
35756574811.92565155 0.72852047534125563555
37589853605.184432983 0.72852047534125563555
39517126612.136505127 0.72852047534125563555
41543213019.170928955 0.72852047534125563555
43673179097.64641571 0.72852047534125563555
45912350872.209236145 0.72852047534125563555
48266327438.628143311 0.72852047534125563555
50740994964.450813293 0.72852047534125563555
53342541407.488555908 0.72852047534125563555
56077471988.933799744 0.72852047534125563555
58952625459.802253723 0.72852047534125563555
61975191201.37146759 0.72852047534125563555
65152727202.379547119 0.72852047534125563555
68493178957.933601379 0.72852047534125563555
